trigger_start_deg, sample_rate, duration_sec
45, 1000, 5 
-45.27
-45.55
-45.73
-46.00
-46.27
-46.45
-46.73
-47.00
-47.27
-47.55
-47.73
-48.00
-48.27
-48.55
-48.82
-49.09
-49.27
-49.55
-49.82
-50.00
-50.27
-50.45
-50.73
-50.91
-51.09
-51.36
-51.55
-51.73
-52.00
-52.18
-52.36
-52.55
-52.82
-53.00
-53.18
-53.36
-53.55
-53.73
-54.00
-54.18
-54.36
-54.55
-54.73
-54.91
-55.09
-55.27
-55.45
-55.64
-55.82
-55.91
-56.09
-56.27
-56.45
-56.64
-56.82
-57.00
-57.18
-57.27
-57.45
-57.64
-57.82
-58.00
-58.09
-58.27
-58.45
-58.55
-58.73
-58.91
-59.09
-59.18
-59.36
-59.55
-59.64
-59.82
-59.91
-60.09
-60.27
-60.36
-60.55
-60.64
-60.82
-60.91
-61.09
-61.18
-61.27
-61.45
-61.55
-61.64
-61.82
-61.91
-62.00
-62.09
-62.27
-62.36
-62.45
-62.55
-62.64
-62.73
-62.82
-62.91
-63.00
-63.09
-63.09
-63.18
-63.27
-63.36
-63.36
-63.45
-63.55
-63.55
-63.64
-63.73
-63.73
-63.82
-63.82
-63.82
-63.82
-63.82
-63.82
-63.82
-63.82
-63.82
-63.82
-63.82
-63.91
-63.91
-63.91
-63.91
-63.91
-63.91
-63.91
-63.91
-63.91
-63.91
-63.91
-63.82
-63.82
-63.73
-63.73
-63.64
-63.55
-63.45
-63.36
-63.27
-63.18
-63.09
-63.00
-62.82
-62.73
-62.55
-62.45
-62.36
-62.18
-62.09
-61.91
-61.82
-61.64
-61.45
-61.27
-61.09
-60.91
-60.73
-60.45
-60.27
-60.00
-59.73
-59.55
-59.27
-59.00
-58.73
-58.45
-58.18
-57.91
-57.64
-57.36
-57.09
-56.73
-56.45
-56.09
-55.73
-55.45
-55.18
-54.82
-54.45
-54.18
-53.82
-53.45
-53.09
-52.73
-52.45
-52.09
-51.73
-51.36
-51.00
-50.64
-50.27
-49.91
-49.45
-49.09
-48.64
-48.27
-47.82
-47.45
-47.00
-46.55
-46.09
-45.64
-45.18
-44.73
-44.27
-43.82
-43.36
-42.91
-42.45
-42.00
-41.45
-41.00
-40.45
-40.00
-39.45
-38.91
-38.45
-37.91
-37.36
-36.82
-36.27
-35.82
-35.27
-34.73
-34.18
-33.64
-33.09
-32.55
-32.00
-31.45
-30.91
-30.36
-29.82
-29.27
-28.73
-28.18
-27.55
-27.00
-26.45
-25.82
-25.27
-24.64
-24.09
-23.45
-22.91
-22.27
-21.73
-21.09
-20.45
-19.82
-19.27
-18.64
-18.00
-17.36
-16.73
-16.09
-15.45
-14.91
-14.27
-13.64
-13.00
-12.36
-11.73
-11.09
-10.45
-9.91
-9.27
-8.64
-8.00
-7.36
-6.73
-6.09
-5.45
-4.82
-4.18
-3.64
-2.91
-2.27
-1.73
-1.09
-0.45
0.18
0.82
1.45
2.09
2.73
3.36
4.00
4.64
5.36
6.00
6.64
7.18
7.91
8.45
9.09
9.73
10.36
10.91
11.55
12.09
12.73
13.36
13.91
14.55
15.18
15.73
16.36
17.00
17.64
18.18
18.82
19.36
20.00
20.55
21.09
21.73
22.27
22.82
23.45
24.00
24.55
25.09
25.73
26.27
26.82
27.27
27.82
28.36
28.91
29.45
30.00
30.45
31.00
31.55
32.00
32.55
33.00
33.55
34.00
34.45
35.00
35.45
35.91
36.45
36.91
37.36
37.82
38.27
38.73
39.18
39.55
40.00
40.45
40.91
41.27
41.73
42.18
42.55
43.00
43.36
43.73
44.18
44.55
44.91
45.27
45.64
46.00
46.27
46.64
47.00
47.36
47.73
48.09
48.36
48.73
49.09
49.45
49.73
50.09
50.36
50.73
51.00
51.36
51.64
51.91
52.18
52.45
52.73
53.00
53.18
53.45
53.73
53.91
54.18
54.36
54.55
54.82
55.00
55.18
55.36
55.55
55.73
55.91
56.09
56.18
56.36
56.55
56.64
56.82
56.91
57.00
57.18
57.27
57.36
57.45
57.55
57.64
57.73
57.82
57.91
58.00
58.00
58.09
58.18
58.18
58.18
58.27
58.27
58.27
58.27
58.27
58.27
58.27
58.27
58.27
58.27
58.27
58.18
58.18
58.18
58.09
58.09
58.00
57.91
57.91
57.82
57.73
57.64
57.55
57.45
57.27
57.18
57.09
56.91
56.82
56.64
56.45
56.36
56.18
56.00
55.82
55.64
55.45
55.27
55.09
54.91
54.73
54.45
54.27
54.09
53.82
53.64
53.36
53.09
52.91
52.64
52.36
52.09
51.82
51.55
51.27
51.00
50.73
50.45
50.09
49.82
49.55
49.18
48.91
48.55
48.27
47.91
47.55
47.18
46.82
46.55
46.18
45.82
45.45
45.09
44.64
44.27
43.91
43.55
43.09
42.73
42.27
41.91
41.45
41.09
40.64
40.18
39.82
39.36
38.91
38.45
38.00
37.55
37.09
36.64
36.18
35.73
35.27
34.82
34.27
33.82
33.36
32.82
32.36
31.91
31.36
30.91
30.36
29.82
29.36
28.82
28.27
27.82
27.27
26.73
26.27
25.73
25.18
24.64
24.09
23.55
23.00
22.45
21.91
21.36
20.82
20.27
19.73
19.09
18.55
18.00
17.45
16.91
16.36
15.73
15.18
14.64
14.00
13.45
12.91
12.27
11.73
11.09
10.55
10.00
9.36
8.82
8.18
7.64
7.00
6.45
5.82
5.27
4.64
4.09
3.45
2.91
2.36
1.73
1.18
0.55
0.00
-0.64
-1.18
-1.82
-2.36
-3.00
-3.55
-4.18
-4.73
-5.27
-5.91
-6.45
-7.09
-7.64
-8.18
-8.82
-9.36
-10.00
-10.55
-11.09
-11.73
-12.27
-12.82
-13.36
-14.00
-14.55
-15.09
-15.64
-16.18
-16.73
-17.27
-17.91
-18.36
-19.00
-19.55
-20.09
-20.55
-21.09
-21.64
-22.18
-22.73
-23.27
-23.73
-24.27
-24.82
-25.27
-25.82
-26.36
-26.82
-27.27
-27.82
-28.27
-28.73
-29.27
-29.73
-30.18
-30.64
-31.09
-31.55
-32.00
-32.36
-32.82
-33.27
-33.64
-34.09
-34.45
-34.82
-35.27
-35.64
-36.00
-36.36
-36.73
-37.09
-37.45
-37.82
-38.09
-38.45
-38.82
-39.09
-39.45
-39.82
-40.18
-40.55
-40.91
-41.36
-41.73
-42.18
-42.55
-42.91
-43.27
-43.64
-44.00
-44.36
-44.73
-45.00
-45.27
-45.64
-45.91
-46.18
-46.45
-46.73
-47.00
-47.27
-47.55
-47.82
-48.09
-48.27
-48.55
-48.73
-49.00
-49.18
-49.45
-49.64
-49.82
-50.09
-50.27
-50.45
-50.64
-50.82
-51.00
-51.18
-51.27
-51.45
-51.64
-51.73
-51.91
-52.09
-52.18
-52.27
-52.45
-52.55
-52.64
-52.73
-52.91
-53.00
-53.09
-53.18
-53.27
-53.36
-53.36
-53.45
-53.55
-53.64
-53.73
-53.73
-53.82
-53.91
-53.91
-53.91
-53.91
-53.91
-53.91
-53.91
-53.91
-53.82
-53.82
-53.82
-53.73
-53.73
-53.64
-53.64
-53.55
-53.55
-53.45
-53.45
-53.36
-53.27
-53.27
-53.18
-53.09
-53.00
-52.91
-52.82
-52.73
-52.64
-52.55
-52.36
-52.27
-52.09
-51.91
-51.73
-51.55
-51.36
-51.09
-50.91
-50.64
-50.45
-50.27
-50.00
-49.82
-49.64
-49.36
-49.18
-49.00
-48.73
-48.55
-48.27
-48.00
-47.73
-47.45
-47.18
-46.82
-46.55
-46.27
-46.00
-45.73
-45.45
-45.18
-44.82
-44.55
-44.18
-43.91
-43.55
-43.27
-42.91
-42.55
-42.18
-41.82
-41.45
-41.18
-40.82
-40.45
-40.00
-39.64
-39.27
-38.91
-38.55
-38.18
-37.73
-37.36
-36.91
-36.55
-36.09
-35.73
-35.27
-34.91
-34.45
-34.00
-33.55
-33.18
-32.73
-32.27
-31.82
-31.36
-30.91
-30.45
-30.00
-29.55
-29.09
-28.64
-28.09
-27.64
-27.18
-26.64
-26.18
-25.73
-25.18
-24.73
-24.27
-23.73
-23.27
-22.73
-22.27
-21.73
-21.18
-20.73
-20.18
-19.64
-19.18
-18.64
-18.09
-17.64
-17.09
-16.55
-16.00
-15.45
-15.00
-14.45
-13.91
-13.36
-12.82
-12.27
-11.73
-11.18
-10.64
-10.09
-9.55
-9.00
-8.45
-7.91
-7.36
-6.82
-6.27
-5.73
-5.18
-4.64
-4.09
-3.55
-3.00
-2.45
-1.91
-1.36
-0.82
-0.18
0.36
0.91
1.45
2.00
2.55
3.09
3.64
4.18
4.73
5.27
5.82
6.36
6.91
7.45
8.00
8.55
9.00
9.55
10.09
10.64
11.18
11.73
12.27
12.73
13.27
13.82
14.36
14.82
15.36
15.91
16.36
16.91
17.45
17.91
18.45
18.91
19.45
19.91
20.45
20.91
21.36
21.91
22.36
22.82
23.36
23.82
24.27
24.73
25.18
25.73
26.18
26.64
27.09
27.55
28.00
28.36
28.82
29.27
29.73
30.18
30.55
31.00
31.45
31.82
32.27
32.64
33.09
33.45
33.82
34.27
34.64
35.00
35.36
35.82
36.18
36.55
36.91
37.18
37.55
37.91
38.27
38.55
38.91
39.18
39.55
39.82
40.09
40.36
40.73
41.00
41.27
41.55
41.82
42.09
42.36
42.73
43.00
43.27
43.55
43.82
44.09
44.45
44.64
44.91
45.18
45.45
45.64
45.91
46.09
46.27
46.45
46.73
46.91
47.09
47.27
47.45
47.55
47.73
47.91
48.09
48.18
48.36
48.45
48.64
48.73
48.91
49.00
49.09
49.18
49.36
49.45
49.55
49.64
49.64
49.73
49.82
49.91
49.91
50.00
50.00
50.09
50.09
50.18
50.18
50.18
50.18
50.18
50.27
50.27
50.27
50.18
50.18
50.18
50.18
50.09
50.09
50.00
50.00
49.91
49.91
49.82
49.73
49.64
49.55
49.45
49.36
49.27
49.18
49.09
49.00
48.91
48.73
48.64
48.45
48.36
48.18
48.09
47.91
47.73
47.55
47.45
47.27
47.09
46.91
46.73
46.55
46.36
46.09
45.91
45.73
45.45
45.27
45.00
44.82
44.55
44.36
44.09
43.82
43.55
43.36
43.09
42.82
42.55
42.27
42.00
41.73
41.36
41.09
40.82
40.55
40.18
39.91
39.55
39.27
38.91
38.55
38.27
37.91
37.55
37.27
36.91
36.55
36.18
35.82
35.45
35.09
34.73
34.36
34.00
33.55
33.18
32.82
32.36
32.00
31.64
31.18
30.82
30.36
30.00
29.55
29.18
28.73
28.27
27.91
27.45
27.00
26.55
26.09
25.64
25.18
24.73
24.27
23.91
23.45
22.91
22.45
22.00
21.55
21.09
20.64
20.18
19.64
19.18
18.73
18.27
17.73
17.27
16.82
16.27
15.82
15.27
14.82
14.36
13.82
13.36
12.82
12.27
11.82
11.27
10.82
10.27
9.82
9.27
8.82
8.27
7.82
7.27
6.73
6.27
5.73
5.18
4.73
4.18
3.64
3.18
2.64
2.18
1.64
1.09
0.64
0.09
-0.45
-0.91
-1.45
-2.00
-2.45
-3.00
-3.45
-4.00
-4.55
-5.00
-5.55
-6.00
-6.55
-7.09
-7.55
-8.09
-8.55
-9.09
-9.55
-10.09
-10.55
-11.09
-11.55
-12.00
-12.55
-13.00
-13.55
-14.00
-14.45
-15.00
-15.45
-15.91
-16.36
-16.82
-17.36
-17.82
-18.27
-18.73
-19.18
-19.64
-20.09
-20.55
-21.00
-21.45
-21.91
-22.36
-22.82
-23.18
-23.64
-24.09
-24.55
-24.91
-25.36
-25.73
-26.18
-26.55
-26.91
-27.36
-27.73
-28.09
-28.45
-28.82
-29.18
-29.55
-29.91
-30.27
-30.64
-30.91
-31.27
-31.64
-31.91
-32.27
-32.55
-32.82
-33.18
-33.45
-33.73
-34.00
-34.27
-34.55
-34.82
-35.09
-35.36
-35.64
-35.91
-36.18
-36.45
-36.82
-37.09
-37.45
-37.73
-38.00
-38.27
-38.55
-38.82
-39.09
-39.36
-39.64
-39.82
-40.09
-40.27
-40.45
-40.73
-40.91
-41.09
-41.36
-41.55
-41.73
-41.91
-42.09
-42.27
-42.45
-42.64
-42.82
-43.00
-43.18
-43.27
-43.45
-43.64
-43.73
-43.91
-44.00
-44.09
-44.27
-44.36
-44.45
-44.55
-44.64
-44.73
-44.82
-44.91
-45.00
-45.09
-45.18
-45.18
-45.27
-45.27
-45.36
-45.36
-45.45
-45.45
-45.55
-45.55
-45.55
-45.55
-45.55
-45.55
-45.55
-45.55
-45.55
-45.55
-45.55
-45.55
-45.55
-45.55
-45.55
-45.45
-45.45
-45.45
-45.45
-45.55
-45.55
-45.55
-45.55
-45.45
-45.45
-45.45
-45.45
-45.36
-45.27
-45.27
-45.18
-45.00
-44.91
-44.82
-44.64
-44.45
-44.27
-44.09
-43.91
-43.73
-43.55
-43.27
-43.09
-42.91
-42.73
-42.64
-42.45
-42.18
-42.00
-41.82
-41.55
-41.36
-41.09
-40.91
-40.64
-40.45
-40.18
-39.91
-39.73
-39.45
-39.18
-38.91
-38.64
-38.36
-38.09
-37.82
-37.55
-37.27
-37.00
-36.64
-36.36
-36.09
-35.73
-35.45
-35.09
-34.82
-34.45
-34.18
-33.82
-33.55
-33.18
-32.82
-32.45
-32.18
-31.82
-31.45
-31.09
-30.73
-30.36
-30.00
-29.64
-29.27
-28.91
-28.55
-28.09
-27.73
-27.36
-26.91
-26.55
-26.18
-25.73
-25.36
-25.00
-24.55
-24.18
-23.73
-23.27
-22.91
-22.45
-22.09
-21.64
-21.18
-20.82
-20.36
-19.91
-19.45
-19.00
-18.64
-18.18
-17.73
-17.27
-16.82
-16.36
-15.91
-15.45
-15.00
-14.55
-14.09
-13.64
-13.18
-12.73
-12.27
-11.82
-11.36
-10.91
-10.45
-10.00
-9.45
-9.00
-8.55
-8.09
-7.64
-7.18
-6.64
-6.18
-5.73
-5.27
-4.82
-4.27
-3.82
-3.36
-2.91
-2.36
-1.91
-1.45
-1.00
-0.45
0.00
0.45
0.91
1.36
1.91
2.36
2.82
3.27
3.82
4.27
4.73
5.18
5.64
6.09
6.64
7.09
7.55
8.00
8.45
8.91
9.36
9.82
10.27
10.73
11.18
11.64
12.09
12.55
13.00
13.45
13.91
14.36
14.73
15.18
15.64
16.09
16.55
16.91
17.36
17.82
18.18
18.64
19.00
19.45
19.82
20.27
20.64
21.09
21.45
21.82
22.27
22.64
23.09
23.45
23.82
24.18
24.55
25.00
25.36
25.73
26.09
26.45
26.82
27.18
27.55
27.82
28.18
28.55
28.91
29.27
29.55
29.91
30.18
30.55
30.82
31.18
31.45
31.73
32.09
32.36
32.64
32.91
33.18
33.45
33.73
34.00
34.27
34.55
34.82
35.09
35.27
35.55
35.82
36.00
36.27
36.55
36.73
37.00
37.18
37.45
37.64
37.91
38.09
38.36
38.55
38.82
39.00
39.18
39.45
39.64
39.82
40.00
40.18
40.27
40.45
40.55
40.73
40.91
41.00
41.09
41.27
41.36
41.45
41.64
41.73
41.82
41.91
42.00
42.09
42.18
42.27
42.27
42.36
42.45
42.45
42.55
42.64
42.64
42.64
42.73
42.73
42.73
42.82
42.82
42.82
42.82
42.82
42.82
42.82
42.82
42.73
42.73
42.73
42.73
42.64
42.64
42.55
42.55
42.45
42.36
42.36
42.27
42.18
42.09
42.00
41.91
41.82
41.73
41.64
41.55
41.45
41.36
41.18
41.09
41.00
40.82
40.73
40.55
40.36
40.27
40.09
39.91
39.82
39.64
39.45
39.27
39.09
38.91
38.73
38.55
38.27
38.09
37.91
37.73
37.45
37.27
37.00
36.82
36.55
36.36
36.09
35.91
35.64
35.36
35.09
34.82
34.64
34.36
34.09
33.82
33.55
33.27
33.00
32.64
32.36
32.09
31.82
31.45
31.18
30.91
30.55
30.27
29.91
29.64
29.27
29.00
28.64
28.27
28.00
27.64
27.27
26.91
26.64
26.27
25.91
25.55
25.18
24.82
24.45
24.09
23.73
23.36
23.00
22.55
22.18
21.82
21.45
21.09
20.64
20.27
19.91
19.45
19.09
18.73
18.27
17.91
17.45
17.09
16.64
16.27
15.82
15.45
15.00
14.55
14.18
13.73
13.36
12.91
12.45
12.09
11.64
11.18
10.73
10.36
9.91
9.45
9.00
8.64
8.18
7.73
7.27
6.82
6.45
6.00
5.55
5.09
4.64
4.27
3.82
3.36
2.91
2.45
2.00
1.64
1.18
0.73
0.27
-0.18
-0.64
-1.09
-1.45
-1.91
-2.36
-2.82
-3.27
-3.64
-4.09
-4.55
-5.00
-5.45
-5.82
-6.27
-6.73
-7.18
-7.55
-8.00
-8.45
-8.82
-9.27
-9.73
-10.18
-10.55
-11.00
-11.36
-11.82
-12.18
-12.64
-13.09
-13.45
-13.91
-14.27
-14.64
-15.09
-15.45
-15.91
-16.27
-16.64
-17.09
-17.45
-17.82
-18.27
-18.64
-19.00
-19.36
-19.73
-20.09
-20.45
-20.82
-21.18
-21.55
-21.91
-22.27
-22.64
-23.00
-23.36
-23.73
-24.00
-24.36
-24.64
-25.00
-25.27
-25.64
-25.91
-26.27
-26.55
-26.82
-27.09
-27.36
-27.64
-28.00
-28.18
-28.45
-28.73
-29.00
-29.27
-29.45
-29.73
-29.91
-30.18
-30.36
-30.64
-30.82
-31.09
-31.27
-31.45
-31.64
-31.82
-32.00
-32.18
-32.45
-32.64
-32.91
-33.09
-33.36
-33.64
-33.82
-34.00
-34.27
-34.45
-34.64
-34.82
-35.00
-35.18
-35.36
-35.55
-35.64
-35.82
-36.00
-36.09
-36.27
-36.36
-36.45
-36.64
-36.73
-36.82
-37.00
-37.09
-37.18
-37.27
-37.45
-37.55
-37.64
-37.73
-37.82
-37.82
-37.91
-38.00
-38.09
-38.18
-38.18
-38.27
-38.27
-38.36
-38.36
-38.45
-38.45
-38.45
-38.45
-38.55
-38.55
-38.55
-38.55
-38.55
-38.55
-38.55
-38.55
-38.55
-38.55
-38.55
-38.55
-38.55
-38.45
-38.45
-38.45
-38.45
-38.45
-38.45
-38.45
-38.45
-38.45
-38.45
-38.45
-38.45
-38.45
-38.45
-38.36
-38.36
-38.27
-38.09
-38.00
-37.82
-37.73
-37.55
-37.36
-37.18
-37.00
-36.82
-36.64
-36.55
-36.36
-36.27
-36.18
-36.00
-35.82
-35.64
-35.45
-35.27
-35.00
-34.82
-34.64
-34.45
-34.27
-34.09
-33.82
-33.64
-33.36
-33.18
-32.91
-32.73
-32.45
-32.27
-32.00
-31.82
-31.55
-31.27
-31.00
-30.82
-30.55
-30.27
-30.00
-29.73
-29.45
-29.18
-28.91
-28.64
-28.36
-28.00
-27.73
-27.45
-27.18
-26.82
-26.55
-26.27
-25.91
-25.64
-25.27
-25.00
-24.64
-24.36
-24.00
-23.73
-23.36
-23.00
-22.73
-22.36
-22.00
-21.64
-21.36
-21.00
-20.64
-20.27
-19.91
-19.55
-19.18
-18.82
-18.45
-18.09
-17.73
-17.36
-17.00
-16.64
-16.27
-15.91
-15.55
-15.18
-14.82
-14.36
-14.00
-13.64
-13.27
-12.82
-12.45
-12.09
-11.73
-11.27
-10.91
-10.55
-10.09
-9.73
-9.36
-8.91
-8.55
-8.18
-7.73
-7.36
-6.91
-6.55
-6.18
-5.73
-5.36
-4.91
-4.55
-4.09
-3.73
-3.27
-2.91
-2.45
-2.09
-1.64
-1.27
-0.91
-0.45
-0.09
0.36
0.73
1.18
1.55
2.00
2.36
2.73
3.18
3.55
4.00
4.36
4.73
5.18
5.55
6.00
6.36
6.73
7.18
7.55
7.91
8.27
8.73
9.09
9.45
9.91
10.27
10.64
11.00
11.36
11.73
12.18
12.55
12.91
13.27
13.64
14.00
14.36
14.73
15.09
15.45
15.82
16.18
16.55
16.91
17.27
17.55
17.91
18.27
18.64
18.91
19.27
19.64
19.91
20.27
20.64
20.91
21.27
21.55
21.91
22.18
22.45
22.82
23.09
23.36
23.73
24.00
24.27
24.55
24.91
25.18
25.45
25.73
26.00
26.27
26.45
26.73
27.00
27.27
27.55
27.82
28.00
28.27
28.55
28.73
29.00
29.18
29.45
29.64
29.82
30.09
30.27
30.45
30.64
30.82
31.09
31.27
31.45
31.64
31.82
32.00
32.18
32.27
32.45
32.64
32.82
33.00
33.09
33.27
33.45
33.55
33.73
33.82
34.00
34.09
34.18
34.27
34.45
34.55
34.64
34.73
34.82
34.91
35.00
35.09
35.18
35.27
35.36
35.36
35.45
35.55
35.55
35.64
35.73
35.73
35.73
35.82
35.82
35.82
35.91
35.91
35.91
35.91
35.91
35.91
35.91
35.91
35.91
35.91
35.91
35.91
35.91
35.91
35.82
35.82
35.73
35.73
35.64
35.64
35.55
35.45
35.45
35.36
35.27
35.18
35.18
35.09
35.00
34.91
34.73
34.64
34.55
34.45
34.36
34.18
34.09
34.00
33.82
33.73
33.55
33.45
33.27
33.09
33.00
32.82
32.64
32.55
32.36
32.18
32.00
31.82
31.64
31.45
31.27
31.09
30.91
30.73
30.45
30.27
30.09
29.91
29.64
29.45
29.27
29.00
28.82
28.55
28.27
28.09
27.82
27.64
27.36
27.09
26.82
26.64
26.36
26.09
25.82
25.55
25.27
25.00
24.73
24.45
24.18
23.91
23.64
23.36
23.00
22.73
22.45
22.18
21.82
21.55
21.27
20.91
20.64
20.36
20.00
19.73
19.36
19.09
18.73
18.45
18.09
17.73
17.45
17.09
16.82
16.45
16.09
15.73
15.45
15.09
14.73
14.36
14.09
13.73
13.36
13.00
12.64
12.27
11.91
11.55
11.27
10.91
10.55
10.18
9.82
9.45
9.09
8.73
8.36
8.00
7.64
7.27
6.91
6.55
6.18
5.73
5.36
5.00
4.64
4.27
3.91
3.55
3.18
2.82
2.45
2.09
1.73
1.27
0.91
0.55
0.18
-0.18
-0.55
-0.91
-1.27
-1.64
-2.00
-2.36
-2.73
-3.18
-3.55
-3.91
-4.27
-4.64
-5.00
-5.36
-5.73
-6.09
-6.45
-6.82
-7.18
-7.55
-7.91
-8.27
-8.64
-8.91
-9.27
-9.64
-10.00
-10.36
-10.73
-11.09
-11.36
-11.73
-12.09
-12.45
-12.82
-13.09
-13.45
-13.82
-14.09
-14.45
-14.73
-15.09
-15.45
-15.73
-16.09
-16.36
-16.73
-17.00
-17.36
-17.64
-17.91
-18.27
-18.55
-18.82
-19.18
-19.45
-19.73
-20.00
-20.27
-20.64
-20.91
-21.18
-21.45
-21.73
-22.00
-22.27
-22.55
-22.82
-23.09
-23.27
-23.55
-23.82
-24.09
-24.27
-24.55
-24.82
-25.00
-25.27
-25.45
-25.64
-25.91
-26.09
-26.27
-26.45
-26.64
-26.82
-27.00
-27.18
-27.36
-27.55
-27.73
-27.91
-28.00
-28.18
-28.36
-28.45
-28.64
-28.73
-28.91
-29.00
-29.09
-29.27
-29.36
-29.45
-29.64
-29.73
-29.91
-30.09
-30.27
-30.36
-30.55
-30.64
-30.82
-30.91
-31.09
-31.18
-31.27
-31.36
-31.45
-31.55
-31.64
-31.73
-31.82
-31.91
-32.00
-32.09
-32.09
-32.18
-32.27
-32.27
-32.36
-32.36
-32.45
-32.45
-32.55
-32.55
-32.55
-32.55
-32.55
-32.64
-32.64
-32.64
-32.64
-32.64
-32.64
-32.64
-32.64
-32.64
-32.64
-32.64
-32.64
-32.64
-32.64
-32.64
-32.64
-32.64
-32.64
-32.64
-32.64
-32.55
-32.45
-32.36
-32.27
-32.18
-32.09
-32.00
-31.91
-31.82
-31.73
-31.64
-31.55
-31.45
-31.36
-31.27
-31.09
-31.00
-30.82
-30.73
-30.64
-30.45
-30.36
-30.18
-30.09
-29.91
-29.73
-29.64
-29.45
-29.27
-29.09
-29.00
-28.82
-28.64
-28.45
-28.27
-28.09
-27.91
-27.73
-27.55
-27.36
-27.09
-26.91
-26.73
-26.55
-26.27
-26.09
-25.91
-25.64
-25.45
-25.27
-25.00
-24.82
-24.55
-24.27
-24.09
-23.82
-23.64
-23.36
-23.09
-22.91
-22.64
-22.36
-22.09
-21.82
-21.55
-21.36
-21.09
-20.82
-20.55
-20.27
-20.00
-19.73
-19.45
-19.18
-18.91
-18.55
-18.27
-18.00
-17.73
-17.45
-17.09
-16.82
-16.55
-16.27
-15.91
-15.64
-15.36
-15.00
-14.73
-14.36
-14.09
-13.82
-13.45
-13.18
-12.82
-12.55
-12.18
-11.91
-11.55
-11.27
-10.91
-10.64
-10.27
-9.91
-9.64
-9.27
-9.00
-8.64
-8.27
-8.00
-7.64
-7.27
-7.00
-6.64
-6.27
-6.00
-5.64
-5.27
-5.00
-4.64
-4.27
-3.91
-3.64
-3.27
-2.91
-2.64
-2.27
-1.91
-1.55
-1.27
-0.91
-0.55
-0.18
0.09
0.45
0.82
1.09
1.45
1.82
2.09
2.45
2.82
3.18
3.45
3.82
4.18
4.45
4.82
5.09
5.45
5.82
6.09
6.45
6.82
7.09
7.45
7.73
8.09
8.36
8.73
9.00
9.36
9.64
10.00
10.27
10.64
10.91
11.18
11.55
11.82
12.09
12.45
12.73
13.00
13.36
13.64
13.91
14.18
14.45
14.82
15.09
15.36
15.64
15.91
16.18
16.45
16.73
17.00
17.27
17.55
17.82
18.09
18.36
18.64
18.82
19.09
19.36
19.64
19.82
20.09
20.36
20.55
20.82
21.00
21.27
21.45
21.73
21.91
22.18
22.36
22.55
22.82
23.00
23.18
23.45
23.64
23.82
24.00
24.18
24.36
24.55
24.73
24.91
25.09
25.27
25.45
25.64
25.73
25.91
26.09
26.27
26.36
26.55
26.73
26.82
27.00
27.09
27.18
27.36
27.45
27.64
27.73
27.82
27.91
28.09
28.18
28.27
28.36
28.45
28.55
28.64
28.73
28.82
28.82
28.91
29.00
29.09
29.18
29.18
29.27
29.27
29.36
29.36
29.45
29.45
29.55
29.55
29.55
29.64
29.64
29.64
29.64
29.64
29.64
29.73
29.73
29.73
29.64
29.64
29.64
29.64
29.64
29.64
29.55
29.55
29.55
29.45
29.45
29.45
29.36
29.36
29.36
29.27
29.27
29.18
29.09
29.00
28.91
28.82
28.73
28.64
28.64
28.55
28.45
28.36
28.27
28.09
28.00
27.91
27.82
27.64
27.55
27.45
27.36
27.18
27.09
26.91
26.82
26.64
26.55
26.36
26.18
26.09
25.91
25.73
25.64
25.45
25.27
25.09
24.91
24.73
24.55
24.36
24.18
24.00
23.82
23.64
23.45
23.27
23.09
22.91
22.64
22.45
22.27
22.00
21.82
21.64
21.36
21.18
21.00
20.73
20.55
20.27
20.00
19.82
19.55
19.36
19.09
18.82
18.64
18.36
18.09
17.91
17.64
17.36
17.09
16.82
16.55
16.36
16.09
15.82
15.55
15.27
15.00
14.73
14.45
14.18
13.91
13.64
13.36
13.09
12.82
12.55
12.18
11.91
11.64
11.36
11.09
10.82
10.45
10.18
9.91
9.64
9.27
9.00
8.73
8.45
8.09
7.82
7.55
7.18
6.91
6.64
6.36
6.00
5.73
5.36
5.09
4.82
4.45
4.18
3.91
3.55
3.27
2.91
2.64
2.36
2.00
1.73
1.45
1.09
0.82
0.45
0.18
-0.09
-0.45
-0.73
-1.09
-1.36
-1.64
-2.00
-2.27
-2.55
-2.91
-3.18
-3.45
-3.82
-4.09
-4.36
-4.73
-5.00
-5.27
-5.64
-5.91
-6.18
-6.45
-6.82
-7.09
-7.36
-7.64
-8.00
-8.27
-8.55
-8.82
-9.09
-9.36
-9.64
-10.00
-10.27
-10.55
-10.82
-11.09
-11.36
-11.64
-11.91
-12.18
-12.45
-12.73
-13.00
-13.27
-13.45
-13.73
-14.00
-14.27
-14.55
-14.82
-15.00
-15.27
-15.55
-15.82
-16.00
-16.27
-16.45
-16.73
-17.00
-17.18
-17.45
-17.64
-17.91
-18.09
-18.36
-18.55
-18.73
-19.00
-19.18
-19.36
-19.64
-19.82
-20.00
-20.18
-20.36
-20.64
-20.82
-21.00
-21.18
-21.36
-21.55
-21.64
-21.82
-22.00
-22.18
-22.36
-22.45
-22.64
-22.82
-23.00
-23.09
-23.27
-23.36
-23.55
-23.64
-23.82
-23.91
-24.00
-24.18
-24.27
-24.36
-24.45
-24.64
-24.73
-24.82
-24.91
-25.00
-25.09
-25.18
-25.27
-25.36
-25.45
-25.55
-25.64
-25.73
-25.73
-25.82
-25.91
-25.91
-26.00
-26.09
-26.09
-26.18
-26.18
-26.27
-26.27
-26.36
-26.36
-26.45
-26.45
-26.55
-26.55
-26.55
-26.55
-26.64
-26.64
-26.64
-26.64
-26.73
-26.73
-26.73
-26.73
-26.73
-26.73
-26.73
-26.73
-26.73
-26.73
-26.73
-26.73
-26.73
-26.73
-26.73
-26.73
-26.73
-26.73
-26.64
-26.64
-26.55
-26.45
-26.36
-26.27
-26.27
-26.18
-26.09
-26.00
-25.91
-25.82
-25.73
-25.73
-25.64
-25.55
-25.45
-25.36
-25.18
-25.09
-25.00
-24.91
-24.82
-24.64
-24.55
-24.45
-24.27
-24.18
-24.00
-23.91
-23.73
-23.64
-23.45
-23.36
-23.18
-23.00
-22.91
-22.73
-22.55
-22.45
-22.27
-22.09
-21.91
-21.73
-21.64
-21.45
-21.27
-21.09
-20.91
-20.73
-20.55
-20.36
-20.18
-20.00
-19.73
-19.55
-19.36
-19.18
-19.00
-18.73
-18.55
-18.36
-18.09
-17.91
-17.73
-17.45
-17.27
-17.09
-16.82
-16.64
-16.36
-16.18
-15.91
-15.73
-15.45
-15.27
-15.00
-14.82
-14.55
-14.27
-14.09
-13.82
-13.55
-13.36
-13.09
-12.82
-12.55
-12.36
-12.09
-11.82
-11.55
-11.36
-11.09
-10.82
-10.55
-10.27
-10.00
-9.82
-9.55
-9.27
-9.00
-8.73
-8.45
-8.18
-7.91
-7.64
-7.36
-7.09
-6.82
-6.55
-6.27
-6.00
-5.73
-5.45
-5.18
-4.91
-4.64
-4.36
-4.09
-3.82
-3.55
-3.27
-3.00
-2.73
-2.45
-2.18
-1.91
-1.64
-1.36
-1.09
-0.82
-0.55
-0.27
0.00
0.27
0.55
0.82
1.09
1.36
1.64
1.91
2.18
2.45
2.73
3.00
3.27
3.55
3.82
4.09
4.36
4.64
4.91
5.18
5.45
5.73
6.00
6.27
6.45
6.73
7.00
7.27
7.55
7.82
8.09
8.27
8.55
8.82
9.09
9.27
9.55
9.82
10.09
10.27
10.55
10.82
11.00
11.27
11.45
11.73
12.00
12.18
12.45
12.64
12.91
13.09
13.36
13.55
13.73
14.00
14.18
14.45
14.64
14.82
15.09
15.27
15.45
15.64
15.82
16.09
16.27
16.45
16.64
16.82
17.00
17.18
17.36
17.55
17.73
17.91
18.09
18.27
18.45
18.64
18.82
18.91
19.09
19.27
19.45
19.55
19.73
19.91
20.00
20.18
20.27
20.45
20.55
20.73
20.82
21.00
21.09
21.18
21.36
21.45
21.55
21.64
21.82
21.91
22.00
22.09
22.18
22.27
22.36
22.45
22.55
22.64
22.73
22.82
22.91
22.91
23.00
23.09
23.18
23.18
23.27
23.36
23.36
23.45
23.45
23.55
23.55
23.64
23.64
23.64
23.73
23.73
23.73
23.82
23.82
23.82
23.82
23.82
23.82
23.82
23.82
23.82
23.82
23.82
23.82
23.82
23.82
23.82
23.82
23.82
23.73
23.73
23.73
23.73
23.64
23.64
23.64
23.55
23.55
23.45
23.36
23.36
23.27
23.18
23.18
23.09
23.00
23.00
22.91
22.82
22.73
22.64
22.55
22.45
22.36
22.27
22.18
22.09
22.00
21.91
21.82
21.64
21.55
21.45
21.36
21.27
21.09
21.00
20.91
20.73
20.64
20.45
20.36
20.18
20.09
19.91
19.82
19.64
19.45
19.36
19.18
19.09
18.91
18.73
18.55
18.45
18.27
18.09
17.91
17.73
17.55
17.36
17.27
17.09
16.91
16.73
16.55
16.36
16.18
15.91
15.73
15.55
15.36
15.18
15.00
14.82
14.55
14.36
14.18
14.00
13.73
13.55
13.36
13.18
12.91
12.73
12.55
12.27
12.09
11.82
11.64
11.45
11.18
11.00
10.73
10.55
10.27
10.09
9.82
9.64
9.36
9.18
8.91
8.64
8.45
8.18
8.00
7.73
7.45
7.27
7.00
6.82
6.55
6.27
6.09
5.82
5.55
5.36
5.09
4.82
4.64
4.36
4.09
3.82
3.64
3.36
3.09
2.91
2.64
2.36
2.18
1.91
1.64
1.36
1.18
0.91
0.64
0.36
0.18
-0.09
-0.36
-0.55
-0.82
-1.09
-1.27
-1.55
-1.82
-2.09
-2.27
-2.55
-2.82
-3.00
-3.27
-3.55
-3.73
-4.00
-4.27
-4.45
-4.73
-4.91
-5.18
-5.45
-5.64
-5.91
-6.09
-6.36
-6.64
-6.82
-7.09
-7.27
-7.55
-7.73
-8.00
-8.18
-8.36
-8.64
-8.82
-9.09
-9.27
-9.55
-9.73
-9.91
-10.18
-10.36
-10.55
-10.82
-11.00
-11.18
-11.36
-11.64
-11.82
-12.00
-12.18
-12.36
-12.64
-12.82
-13.00
-13.18
-13.36
-13.55
-13.73
-13.91
-14.09
-14.27
-14.45
-14.64
-14.82
-15.00
-15.18
-15.36
-15.45
-15.64
-15.82
-16.00
-16.18
-16.27
-16.45
-16.64
-16.73
-16.91
-17.00
-17.18
-17.36
-17.45
-17.64
-17.73
-17.91
-18.00
-18.09
-18.27
-18.36
-18.55
-18.64
-18.73
-18.82
-19.00
-19.09
-19.18
-19.27
-19.36
-19.45
-19.55
-19.64
-19.73
-19.82
-19.91
-20.00
-20.09
-20.18
-20.27
-20.36
-20.45
-20.45
-20.55
-20.64
-20.73
-20.73
-20.82
-20.82
-20.91
-21.00
-21.00
-21.09
-21.09
-21.18
-21.18
-21.18
-21.27
-21.27
-21.27
-21.36
-21.36
-21.36
-21.36
-21.36
-21.36
-21.45
-21.45
-21.45
-21.45
-21.45
-21.45
-21.45
-21.36
-21.36
-21.36
-21.36
-21.36
-21.36
-21.27
-21.27
-21.27
-21.18
-21.18
-21.18
-21.09
-21.09
-21.00
-21.00
-20.91
-20.91
-20.82
-20.73
-20.73
-20.64
-20.55
-20.55
-20.45
-20.36
-20.27
-20.27
-20.18
-20.09
-20.00
-19.91
-19.82
-19.73
-19.64
-19.55
-19.45
-19.36
-19.27
-19.18
-19.09
-19.00
-18.91
-18.82
-18.73
-18.64
-18.55
-18.36
-18.27
-18.18
-18.00
-17.91
-17.73
-17.64
-17.55
-17.36
-17.27
-17.09
-17.00
-16.82
-16.73
-16.55
-16.45
-16.27
-16.09
-16.00
-15.82
-15.64
-15.55
-15.36
-15.18
-15.09
-14.91
-14.73
-14.55
-14.36
-14.27
-14.09
-13.91
-13.73
-13.55
-13.36
-13.18
-13.00
-12.82
-12.64
-12.45
-12.27
-12.09
-11.91
-11.73
-11.55
-11.36
-11.18
-11.00
-10.82
-10.55
-10.36
-10.18
-10.00
-9.82
-9.64
-9.36
-9.18
-9.00
-8.82
-8.64
-8.36
-8.18
-8.00
-7.82
-7.55
-7.36
-7.18
-7.00
-6.73
-6.55
-6.36
-6.09
-5.91
-5.73
-5.45
-5.27
-5.09
-4.82
-4.64
-4.45
-4.18
-4.00
-3.73
-3.55
-3.36
-3.09
-2.91
-2.64
-2.45
-2.27
-2.00
-1.82
-1.64
-1.36
-1.18
-0.91
-0.73
-0.55
-0.27
-0.09
0.18
0.36
0.55
0.82
1.00
1.18
1.45
1.64
1.82
2.09
2.27
2.45
2.73
2.91
3.09
3.36
3.55
3.73
4.00
4.18
4.36
4.64
4.82
5.00
5.18
5.36
5.64
5.82
6.00
6.18
6.45
6.64
6.82
7.00
7.18
7.36
7.55
7.82
8.00
8.18
8.36
8.55
8.73
8.91
9.09
9.27
9.45
9.64
9.82
10.00
10.18
10.36
10.45
10.64
10.82
11.00
11.18
11.36
11.55
11.64
11.82
12.00
12.18
12.27
12.45
12.64
12.73
12.91
13.09
13.18
13.36
13.45
13.64
13.73
13.91
14.00
14.18
14.27
14.45
14.55
14.73
14.82
14.91
15.09
15.18
15.27
15.36
15.55
15.64
15.73
15.82
15.91
16.00
16.18
16.27
16.36
16.45
16.55
16.64
16.73
16.82
16.91
16.91
17.00
17.09
17.18
17.27
17.36
17.36
17.45
17.55
17.55
17.64
17.73
17.73
17.82
17.82
17.91
18.00
18.00
18.00
18.09
18.09
18.18
18.18
18.18
18.27
18.27
18.27
18.27
18.36
18.36
18.36
18.36
18.36
18.36
18.36
18.36
18.36
18.36
18.36
18.36
18.36
18.36
18.36
18.36
18.36
18.36
18.36
18.27
18.27
18.27
18.27
18.27
18.18
18.18
18.09
18.09
18.00
18.00
17.91
17.91
17.82
17.82
17.73
17.64
17.64
17.55
17.55
17.45
17.36
17.27
17.18
17.18
17.09
17.00
16.91
16.82
16.73
16.64
16.64
16.55
16.45
16.36
16.27
16.18
16.00
15.91
15.82
15.73
15.64
15.55
15.45
15.27
15.18
15.09
15.00
14.82
14.73
14.64
14.45
14.36
14.27
14.09
14.00
13.91
13.73
13.64
13.45
13.36
13.18
13.09
12.91
12.82
12.64
12.55
12.36
12.18
12.09
11.91
11.73
11.64
11.45
11.27
11.18
11.00
10.82
10.73
10.55
10.36
10.18
10.00
9.91
9.73
9.55
9.36
9.18
9.09
8.91
8.73
8.55
8.36
8.18
8.00
7.82
7.64
7.45
7.27
7.09
7.00
6.82
6.64
6.45
6.27
6.09
5.91
5.73
5.55
5.27
5.09
4.91
4.73
4.55
4.36
4.18
4.00
3.82
3.64
3.45
3.27
3.09
2.91
2.73
2.55
2.36
2.09
1.91
1.73
1.55
1.36
1.18
1.00
0.82
0.64
0.45
0.27
0.09
-0.18
-0.36
-0.55
-0.73
-0.91
-1.09
-1.27
-1.45
-1.64
-1.82
-2.00
-2.18
-2.36
-2.55
-2.73
-2.91
-3.09
-3.27
-3.45
-3.64
-3.82
-4.00
-4.18
-4.36
-4.55
-4.73
-4.91
-5.09
-5.27
-5.45
-5.64
-5.82
-6.00
-6.18
-6.27
-6.45
-6.64
-6.82
-7.00
-7.18
-7.27
-7.45
-7.64
-7.82
-8.00
-8.09
-8.27
-8.45
-8.55
-8.73
-8.91
-9.09
-9.18
-9.36
-9.55
-9.64
-9.82
-9.91
-10.09
-10.27
-10.36
-10.55
-10.64
-10.82
-10.91
-11.09
-11.18
-11.36
-11.45
-11.55
-11.73
-11.82
-11.91
-12.09
-12.18
-12.27
-12.45
-12.55
-12.64
-12.73
-12.91
-13.00
-13.09
-13.18
-13.27
-13.36
-13.55
-13.64
-13.73
-13.82
-13.91
-14.00
-14.09
-14.18
-14.27
-14.36
-14.45
-14.45
-14.55
-14.64
-14.73
-14.82
-14.91
-14.91
-15.00
-15.09
-15.09
-15.18
-15.27
-15.27
-15.36
-15.45
-15.45
-15.55
-15.55
-15.64
-15.64
-15.73
-15.73
-15.82
-15.82
-15.82
-15.91
-15.91
-15.91
-16.00
-16.00
-16.00
-16.09
-16.09
-16.09
-16.09
-16.09
-16.09
-16.09
-16.18
-16.18
-16.18
-16.18
-16.18
-16.18
-16.18
-16.18
-16.09
-16.09
-16.09
-16.09
-16.09
-16.09
-16.00
-16.00
-16.00
-16.00
-15.91
-15.91
-15.91
-15.82
-15.82
-15.82
-15.73
-15.73
-15.64
-15.64
-15.55
-15.55
-15.45
-15.45
-15.36
-15.36
-15.27
-15.18
-15.18
-15.09
-15.00
-15.00
-14.91
-14.82
-14.82
-14.73
-14.64
-14.55
-14.55
-14.45
-14.36
-14.27
-14.27
-14.18
-14.09
-14.00
-13.91
-13.82
-13.73
-13.64
-13.45
-13.36
-13.27
-13.18
-13.09
-13.00
-12.91
-12.82
-12.73
-12.64
-12.55
-12.45
-12.27
-12.18
-12.09
-11.91
-11.82
-11.73
-11.64
-11.45
-11.36
-11.27
-11.18
-11.00
-10.91
-10.73
-10.64
-10.55
-10.36
-10.27
-10.09
-10.00
-9.82
-9.73
-9.55
-9.45
-9.27
-9.18
-9.00
-8.91
-8.73
-8.64
-8.45
-8.36
-8.18
-8.09
-7.91
-7.73
-7.64
-7.45
-7.27
-7.18
-7.00
-6.91
-6.73
-6.55
-6.45
-6.27
-6.09
-5.91
-5.82
-5.64
-5.45
-5.36
-5.18
-5.00
-4.91
-4.73
-4.55
-4.36
-4.27
-4.09
-3.91
-3.73
-3.64
-3.45
-3.27
-3.09
-3.00
-2.82
-2.64
-2.45
-2.36
-2.18
-2.00
-1.82
-1.64
-1.55
-1.36
-1.18
-1.00
-0.91
-0.73
-0.55
-0.36
-0.18
-0.09
0.09
0.27
0.45
0.55
0.73
0.91
1.09
1.18
1.36
1.55
1.73
1.82
2.00
2.18
2.27
2.45
2.64
2.73
2.91
3.09
3.27
3.36
3.55
3.73
3.82
4.00
4.09
4.27
4.45
4.55
4.73
4.91
5.00
5.18
5.27
5.45
5.55
5.73
5.82
6.00
6.09
6.27
6.36
6.55
6.64
6.82
6.91
7.09
7.18
7.36
7.45
7.55
7.73
7.82
8.00
8.09
8.18
8.36
8.45
8.55
8.64
8.82
8.91
9.00
9.09
9.27
9.36
9.45
9.55
9.64
9.82
9.91
10.00
10.09
10.18
10.27
10.36
10.45
10.55
10.64
10.73
10.82
10.91
11.00
11.09
11.18
11.27
11.36
11.45
11.45
11.55
11.64
11.73
11.82
11.82
11.91
12.00
12.09
12.09
12.18
12.27
12.27
12.36
12.36
12.45
12.55
12.55
12.64
12.64
12.73
12.73
12.82
12.82
12.91
12.91
12.91
13.00
13.00
13.00
13.09
13.09
13.09
13.18
13.18
13.18
13.18
13.18
13.27
13.27
13.27
13.27
13.27
13.27
13.27
13.27
13.27
13.27
13.27
13.27
13.27
13.27
13.27
13.27
13.27
13.27
13.27
13.27
13.27
13.27
13.27
13.18
13.18
13.18
13.09
13.09
13.09
13.00
13.00
13.00
12.91
12.91
12.82
12.82
12.73
12.73
12.73
12.64
12.55
12.55
12.45
12.45
12.36
12.36
12.27
12.18
12.18
12.09
12.00
12.00
11.91
11.82
11.82
11.73
11.64
11.55
11.45
11.45
11.36
11.27
11.18
11.09
11.00
10.91
10.91
10.82
10.73
10.64
10.55
10.45
10.36
10.27
10.18
10.09
10.00
9.91
9.82
9.73
9.64
9.55
9.36
9.27
9.18
9.09
9.00
8.91
8.82
8.73
8.55
8.45
8.36
8.27
8.18
8.00
7.91
7.82
7.73
7.55
7.45
7.36
7.18
7.09
7.00
6.91
6.73
6.64
6.55
6.36
6.27
6.18
6.00
5.91
5.73
5.64
5.55
5.36
5.27
5.18
5.00
4.91
4.73
4.64
4.55
4.36
4.27
4.09
4.00
3.82
3.73
3.55
3.45
3.27
3.18
3.09
2.91
2.82
2.64
2.55
2.36
2.27
2.09
2.00
1.82
1.73
1.55
1.45
1.27
1.18
1.00
0.91
0.73
0.64
0.45
0.36
0.18
0.09
0.00
-0.18
-0.27
-0.45
-0.55
-0.73
-0.82
-1.00
-1.09
-1.27
-1.36
-1.55
-1.64
-1.73
-1.91
-2.00
-2.18
-2.27
-2.45
-2.55
-2.64
-2.82
-2.91
-3.09
-3.18
-3.27
-3.45
-3.55
-3.64
-3.82
-3.91
-4.00
-4.18
-4.27
-4.36
-4.55
-4.64
-4.73
-4.91
-5.00
-5.09
-5.27
-5.36
-5.45
-5.55
-5.64
-5.82
-5.91
-6.00
-6.09
-6.27
-6.36
-6.45
-6.55
-6.64
-6.73
-6.82
-7.00
-7.09
-7.18
-7.27
-7.36
-7.45
-7.55
-7.64
-7.73
-7.82
-7.91
-8.00
-8.09
-8.18
-8.27
-8.36
-8.45
-8.55
-8.64
-8.73
-8.82
-8.82
-8.91
-9.00
-9.09
-9.18
-9.27
-9.27
-9.36
-9.45
-9.55
-9.55
-9.64
-9.73
-9.73
-9.82
-9.91
-9.91
-10.00
-10.09
-10.09
-10.18
-10.18
-10.27
-10.36
-10.36
-10.45
-10.45
-10.55
-10.55
-10.64
-10.64
-10.64
-10.73
-10.73
-10.82
-10.82
-10.82
-10.91
-10.91
-10.91
-11.00
-11.00
-11.00
-11.00
-11.09
-11.09
-11.09
-11.09
-11.09
-11.09
-11.18
-11.18
-11.18
-11.18
-11.18
-11.18
-11.18
-11.18
-11.18
-11.18
-11.18
-11.18
-11.18
-11.18
-11.18
-11.18
-11.18
-11.18
-11.09
-11.09
-11.09
-11.09
-11.09
-11.09
-11.00
-11.00
-11.00
-11.00
-10.91
-10.91
-10.91
-10.82
-10.82
-10.82
-10.73
-10.73
-10.73
-10.64
-10.64
-10.64
-10.55
-10.55
-10.45
-10.45
-10.36
-10.36
-10.36
-10.27
-10.27
-10.18
-10.18
-10.09
-10.09
-10.00
-10.00
-9.91
-9.82
-9.73
-9.73
-9.64
-9.55
-9.55
-9.45
-9.36
-9.36
-9.27
-9.18
-9.18
-9.09
-9.00
-9.00
-8.91
-8.82
-8.73
-8.64
-8.55
-8.55
-8.45
-8.36
-8.27
-8.18
-8.09
-8.09
-8.00
-7.91
-7.82
-7.73
-7.64
-7.55
-7.45
-7.36
-7.27
-7.18
-7.09
-7.00
-6.91
-6.82
-6.73
-6.64
-6.55
-6.45
-6.36
-6.27
-6.18
-6.09
-6.00
-5.91
-5.82
-5.73
-5.64
-5.55
-5.36
-5.27
-5.18
-5.09
-5.00
-4.91
-4.82
-4.73
-4.64
-4.45
-4.36
-4.27
-4.18
-4.09
-4.00
-3.91
-3.73
-3.64
-3.55
-3.45
-3.36
-3.27
-3.09
-3.00
-2.91
-2.82
-2.73
-2.64
-2.45
-2.36
-2.27
-2.18
-2.09
-1.91
-1.82
-1.73
-1.64
-1.55
-1.36
-1.27
-1.18
-1.09
-1.00
-0.82
-0.73
-0.64
-0.55
-0.45
-0.27
-0.18
-0.09
0.00
0.09
0.18
0.36
0.45
0.55
0.64
0.73
0.82
1.00
1.09
1.18
