trigger_start_deg, sample_rate, duration_sec
135, 1000, 5 
-135.27
-135.55
-135.82
-136.09
-136.36
-136.64
-137.00
-137.27
-137.55
-137.82
-138.09
-138.36
-138.73
-139.00
-139.27
-139.55
-139.82
-140.09
-140.36
-140.64
-140.91
-141.18
-141.45
-141.73
-142.00
-142.27
-142.55
-142.82
-143.09
-143.36
-143.64
-143.82
-144.09
-144.36
-144.64
-144.91
-145.09
-145.36
-145.55
-145.82
-146.00
-146.27
-146.45
-146.73
-146.91
-147.09
-147.36
-147.55
-147.73
-147.91
-148.18
-148.36
-148.55
-148.73
-148.91
-149.09
-149.27
-149.45
-149.64
-149.82
-150.00
-150.18
-150.36
-150.55
-150.73
-150.91
-151.09
-151.18
-151.36
-151.55
-151.73
-151.91
-152.00
-152.18
-152.36
-152.55
-152.73
-152.82
-153.00
-153.09
-153.27
-153.45
-153.55
-153.73
-153.82
-154.00
-154.09
-154.18
-154.36
-154.45
-154.55
-154.73
-154.82
-154.91
-155.09
-155.18
-155.27
-155.36
-155.45
-155.64
-155.73
-155.82
-155.91
-156.00
-156.09
-156.18
-156.27
-156.36
-156.45
-156.55
-156.55
-156.64
-156.73
-156.82
-156.82
-156.91
-157.00
-157.00
-157.09
-157.09
-157.09
-157.18
-157.18
-157.27
-157.27
-157.27
-157.27
-157.27
-157.27
-157.36
-157.36
-157.36
-157.36
-157.36
-157.36
-157.36
-157.36
-157.36
-157.36
-157.36
-157.27
-157.27
-157.27
-157.27
-157.27
-157.27
-157.27
-157.18
-157.18
-157.18
-157.18
-157.18
-157.09
-157.09
-157.09
-157.00
-157.00
-156.91
-156.91
-156.91
-156.82
-156.73
-156.73
-156.64
-156.55
-156.45
-156.36
-156.27
-156.18
-156.09
-155.91
-155.82
-155.73
-155.64
-155.45
-155.36
-155.27
-155.09
-155.00
-154.82
-154.73
-154.55
-154.45
-154.27
-154.18
-154.00
-153.91
-153.73
-153.55
-153.45
-153.27
-153.09
-152.91
-152.82
-152.64
-152.45
-152.27
-152.09
-151.91
-151.73
-151.55
-151.27
-151.09
-150.91
-150.73
-150.55
-150.27
-150.09
-149.91
-149.64
-149.45
-149.18
-149.00
-148.73
-148.55
-148.27
-148.00
-147.73
-147.55
-147.27
-147.00
-146.73
-146.45
-146.18
-145.91
-145.64
-145.36
-145.09
-144.82
-144.55
-144.18
-143.91
-143.64
-143.27
-143.00
-142.64
-142.36
-142.00
-141.64
-141.36
-141.00
-140.64
-140.27
-139.91
-139.55
-139.18
-138.82
-138.45
-138.09
-137.73
-137.36
-136.91
-136.55
-136.09
-135.73
-135.27
-134.91
-134.45
-134.09
-133.64
-133.18
-132.73
-132.36
-131.91
-131.45
-131.00
-130.55
-130.09
-129.64
-129.09
-128.64
-128.18
-127.73
-127.18
-126.73
-126.18
-125.73
-125.18
-124.64
-124.09
-123.64
-123.09
-122.55
-122.00
-121.45
-120.82
-120.27
-119.73
-119.09
-118.55
-117.91
-117.36
-116.73
-116.09
-115.55
-114.91
-114.27
-113.64
-113.00
-112.27
-111.64
-111.00
-110.36
-109.64
-109.00
-108.27
-107.55
-106.91
-106.18
-105.45
-104.73
-104.00
-103.27
-102.55
-101.82
-101.00
-100.27
-99.55
-98.73
-97.91
-97.18
-96.36
-95.55
-94.82
-94.00
-93.18
-92.36
-91.55
-90.73
-89.82
-89.00
-88.18
-87.27
-86.45
-85.55
-84.64
-83.82
-82.91
-82.00
-81.09
-80.18
-79.27
-78.36
-77.45
-76.45
-75.55
-74.64
-73.64
-72.64
-71.73
-70.73
-69.73
-68.73
-67.73
-66.73
-65.73
-64.73
-63.73
-62.73
-61.73
-60.64
-59.64
-58.55
-57.55
-56.45
-55.36
-54.27
-53.27
-52.18
-51.09
-50.00
-48.91
-47.82
-46.73
-45.64
-44.55
-43.45
-42.36
-41.18
-40.09
-38.91
-37.82
-36.73
-35.64
-34.45
-33.36
-32.27
-31.18
-30.09
-29.00
-27.82
-26.73
-25.55
-24.45
-23.27
-22.18
-21.00
-19.91
-18.73
-17.64
-16.45
-15.36
-14.27
-13.09
-12.00
-10.91
-9.73
-8.64
-7.55
-6.36
-5.18
-4.00
-2.82
-1.73
-0.55
0.64
1.73
2.91
4.09
5.27
6.45
7.64
8.82
9.91
11.09
12.27
13.36
14.55
15.64
16.82
17.91
19.09
20.18
21.36
22.45
23.64
24.73
25.82
26.91
28.09
29.18
30.27
31.36
32.45
33.55
34.64
35.73
36.73
37.82
38.91
40.00
41.00
42.00
43.09
44.09
45.18
46.18
47.18
48.18
49.18
50.18
51.18
52.18
53.18
54.18
55.09
56.09
57.09
58.00
58.91
59.91
60.82
61.73
62.64
63.55
64.45
65.36
66.27
67.18
68.09
69.00
69.82
70.73
71.55
72.45
73.27
74.09
75.00
75.82
76.64
77.45
78.27
79.00
79.82
80.64
81.45
82.18
82.91
83.73
84.45
85.18
85.91
86.64
87.36
88.09
88.82
89.55
90.27
90.91
91.64
92.27
92.91
93.55
94.27
94.91
95.55
96.18
96.82
97.36
98.00
98.55
99.18
99.73
100.27
100.82
101.36
101.91
102.36
102.91
103.36
103.82
104.36
104.82
105.27
105.64
106.09
106.55
106.91
107.36
107.73
108.09
108.45
108.91
109.27
109.73
110.18
110.64
111.09
111.55
112.00
112.36
112.82
113.18
113.64
114.00
114.36
114.73
115.09
115.45
115.82
116.18
116.55
116.82
117.18
117.45
117.82
118.09
118.36
118.64
118.91
119.18
119.45
119.73
120.00
120.27
120.45
120.73
121.00
121.18
121.45
121.64
121.82
122.09
122.27
122.45
122.64
122.82
123.00
123.18
123.36
123.45
123.64
123.73
123.91
124.00
124.18
124.27
124.45
124.55
124.64
124.73
124.91
125.00
125.09
125.18
125.27
125.36
125.36
125.45
125.55
125.55
125.64
125.64
125.73
125.73
125.73
125.82
125.82
125.82
125.82
125.82
125.82
125.82
125.82
125.82
125.82
125.73
125.73
125.64
125.64
125.55
125.45
125.45
125.36
125.27
125.18
125.09
125.09
125.00
124.91
124.82
124.64
124.55
124.45
124.36
124.27
124.18
124.00
123.91
123.82
123.64
123.55
123.45
123.27
123.18
123.00
122.82
122.73
122.55
122.36
122.18
122.00
121.82
121.55
121.36
121.18
120.91
120.73
120.45
120.27
120.00
119.73
119.45
119.18
118.91
118.64
118.27
117.91
117.55
117.18
116.73
116.36
116.00
115.55
115.09
114.73
114.27
113.91
113.45
113.00
112.55
112.18
111.73
111.18
110.73
110.27
109.82
109.27
108.82
108.27
107.73
107.27
106.73
106.18
105.64
105.09
104.55
104.00
103.45
102.91
102.27
101.73
101.18
100.55
99.91
99.36
98.73
98.09
97.45
96.82
96.18
95.55
94.91
94.27
93.64
92.91
92.27
91.64
90.91
90.18
89.55
88.82
88.09
87.36
86.64
85.82
85.09
84.27
83.45
82.64
81.82
81.00
80.18
79.36
78.45
77.55
76.73
75.82
75.00
74.09
73.27
72.45
71.64
70.82
69.91
69.09
68.18
67.36
66.45
65.55
64.73
63.82
62.91
62.00
61.09
60.18
59.27
58.36
57.45
56.55
55.64
54.64
53.73
52.73
51.82
50.82
49.91
48.91
47.91
46.91
46.00
45.00
44.00
43.00
42.00
41.00
40.00
38.91
37.91
36.91
35.91
34.91
33.82
32.82
31.73
30.73
29.64
28.64
27.55
26.55
25.45
24.36
23.36
22.27
21.18
20.18
19.09
18.09
17.00
15.91
14.91
13.82
12.73
11.73
10.64
9.55
8.45
7.45
6.36
5.27
4.27
3.18
2.18
1.09
0.00
-1.00
-2.09
-3.18
-4.27
-5.27
-6.36
-7.45
-8.45
-9.55
-10.64
-11.64
-12.73
-13.82
-14.82
-15.91
-16.91
-18.00
-19.00
-20.00
-21.09
-22.09
-23.09
-24.18
-25.18
-26.18
-27.18
-28.18
-29.18
-30.18
-31.18
-32.18
-33.18
-34.09
-35.09
-36.09
-37.09
-38.00
-39.00
-40.00
-40.91
-41.91
-42.82
-43.82
-44.73
-45.64
-46.55
-47.55
-48.45
-49.36
-50.27
-51.18
-52.09
-53.00
-53.91
-54.82
-55.64
-56.55
-57.36
-58.27
-59.09
-60.00
-60.82
-61.64
-62.45
-63.27
-64.18
-64.91
-65.73
-66.55
-67.27
-68.09
-68.82
-69.55
-70.36
-71.00
-71.73
-72.45
-73.18
-73.82
-74.45
-75.18
-75.82
-76.45
-77.09
-77.64
-78.27
-78.91
-79.55
-80.09
-80.73
-81.36
-82.00
-82.64
-83.27
-83.91
-84.64
-85.18
-85.82
-86.45
-87.00
-87.55
-88.18
-88.73
-89.27
-89.82
-90.36
-90.91
-91.45
-92.00
-92.55
-93.00
-93.55
-94.09
-94.55
-95.00
-95.55
-96.00
-96.45
-96.91
-97.36
-97.82
-98.18
-98.64
-99.09
-99.45
-99.91
-100.27
-100.73
-101.09
-101.45
-101.82
-102.18
-102.55
-102.91
-103.27
-103.55
-103.91
-104.27
-104.55
-104.82
-105.18
-105.45
-105.73
-106.00
-106.27
-106.55
-106.82
-107.09
-107.27
-107.55
-107.73
-108.00
-108.18
-108.36
-108.64
-108.82
-109.00
-109.18
-109.36
-109.45
-109.64
-109.82
-110.00
-110.09
-110.27
-110.36
-110.55
-110.64
-110.73
-110.91
-111.00
-111.09
-111.18
-111.27
-111.27
-111.36
-111.45
-111.55
-111.55
-111.64
-111.64
-111.73
-111.73
-111.73
-111.73
-111.73
-111.73
-111.73
-111.73
-111.73
-111.64
-111.64
-111.64
-111.55
-111.55
-111.45
-111.36
-111.36
-111.27
-111.18
-111.09
-111.00
-110.91
-110.82
-110.64
-110.55
-110.36
-110.27
-110.09
-110.00
-109.82
-109.64
-109.45
-109.36
-109.18
-109.00
-108.82
-108.64
-108.45
-108.18
-108.00
-107.82
-107.64
-107.36
-107.18
-106.91
-106.73
-106.45
-106.18
-106.00
-105.73
-105.55
-105.27
-105.00
-104.73
-104.55
-104.27
-104.00
-103.64
-103.36
-103.09
-102.82
-102.45
-102.18
-101.82
-101.55
-101.18
-100.91
-100.55
-100.27
-99.91
-99.55
-99.18
-98.82
-98.45
-98.09
-97.64
-97.27
-96.91
-96.45
-96.00
-95.64
-95.18
-94.73
-94.27
-93.82
-93.36
-92.82
-92.27
-91.82
-91.27
-90.64
-90.09
-89.45
-88.91
-88.27
-87.64
-87.00
-86.36
-85.73
-85.00
-84.36
-83.64
-82.91
-82.18
-81.45
-80.73
-79.91
-79.18
-78.36
-77.55
-76.82
-76.00
-75.27
-74.55
-73.73
-73.00
-72.27
-71.55
-70.91
-70.18
-69.45
-68.82
-68.18
-67.45
-66.82
-66.09
-65.27
-64.55
-63.64
-62.82
-62.00
-61.09
-60.18
-59.27
-58.45
-57.64
-56.82
-56.00
-55.18
-54.36
-53.45
-52.55
-51.64
-50.82
-49.91
-49.00
-48.09
-47.18
-46.27
-45.36
-44.45
-43.55
-42.64
-41.73
-40.73
-39.82
-38.82
-37.91
-37.00
-36.00
-35.09
-34.09
-33.18
-32.18
-31.18
-30.27
-29.27
-28.27
-27.27
-26.36
-25.36
-24.36
-23.45
-22.45
-21.45
-20.45
-19.45
-18.45
-17.45
-16.45
-15.45
-14.45
-13.45
-12.45
-11.45
-10.45
-9.45
-8.45
-7.45
-6.45
-5.45
-4.45
-3.45
-2.45
-1.45
-0.36
0.64
1.64
2.64
3.64
4.64
5.64
6.64
7.64
8.64
9.64
10.64
11.64
12.64
13.64
14.64
15.64
16.64
17.55
18.55
19.55
20.55
21.55
22.45
23.45
24.45
25.36
26.36
27.27
28.27
29.18
30.09
31.09
32.00
32.91
33.91
34.82
35.73
36.64
37.55
38.45
39.36
40.27
41.18
42.09
43.00
43.82
44.73
45.64
46.45
47.36
48.18
49.09
49.91
50.73
51.55
52.36
53.18
54.00
54.82
55.64
56.45
57.27
58.00
58.82
59.64
60.36
61.09
61.82
62.64
63.36
64.09
64.82
65.55
66.36
67.09
67.82
68.55
69.27
70.00
70.64
71.36
72.09
72.73
73.45
74.09
74.73
75.36
76.00
76.64
77.18
77.82
78.45
79.00
79.64
80.18
80.82
81.36
81.91
82.45
83.00
83.55
84.09
84.64
85.18
85.64
86.18
86.64
87.18
87.64
88.09
88.55
89.09
89.55
89.91
90.36
90.82
91.27
91.64
92.00
92.45
92.82
93.18
93.55
93.91
94.27
94.64
95.00
95.36
95.73
96.00
96.36
96.64
97.00
97.27
97.55
97.82
98.18
98.45
98.73
98.91
99.18
99.45
99.73
99.91
100.18
100.36
100.55
100.73
101.00
101.18
101.27
101.45
101.64
101.82
102.00
102.09
102.27
102.36
102.55
102.64
102.73
102.82
102.91
103.00
103.09
103.09
103.18
103.18
103.27
103.27
103.27
103.36
103.36
103.36
103.36
103.36
103.36
103.36
103.36
103.36
103.36
103.36
103.27
103.27
103.27
103.18
103.18
103.09
103.09
103.00
103.00
102.91
102.91
102.82
102.82
102.73
102.73
102.64
102.64
102.55
102.45
102.45
102.36
102.27
102.27
102.18
102.18
102.09
102.00
101.91
101.82
101.82
101.64
101.55
101.45
101.27
101.09
100.91
100.73
100.55
100.27
100.00
99.64
99.36
99.00
98.64
98.36
98.00
97.64
97.27
96.91
96.55
96.18
95.82
95.36
95.00
94.64
94.18
93.73
93.36
92.91
92.55
92.09
91.64
91.18
90.73
90.27
89.82
89.27
88.82
88.36
87.82
87.27
86.73
86.27
85.73
85.18
84.64
84.09
83.45
82.91
82.36
81.73
81.18
80.55
79.91
79.27
78.64
78.00
77.27
76.64
75.91
75.27
74.55
73.82
73.00
72.27
71.45
70.73
69.91
69.09
68.27
67.45
66.55
65.73
64.91
64.09
63.36
62.55
61.82
61.09
60.36
59.73
58.91
58.18
57.36
56.64
55.82
55.00
54.27
53.45
52.64
51.82
51.00
50.18
49.36
48.55
47.73
46.91
46.09
45.18
44.36
43.55
42.64
41.82
40.91
40.09
39.18
38.36
37.45
36.55
35.73
34.82
33.91
33.00
32.09
31.18
30.27
29.36
28.45
27.55
26.64
25.73
24.82
23.82
22.91
22.00
21.09
20.09
19.18
18.18
17.27
16.36
15.36
14.45
13.55
12.55
11.64
10.64
9.73
8.73
7.82
6.91
5.91
5.00
4.00
3.09
2.09
1.18
0.27
-0.73
-1.64
-2.64
-3.55
-4.45
-5.45
-6.36
-7.27
-8.27
-9.18
-10.09
-11.09
-12.00
-12.91
-13.82
-14.82
-15.73
-16.64
-17.55
-18.55
-19.45
-20.36
-21.27
-22.18
-23.09
-24.00
-24.91
-25.82
-26.73
-27.64
-28.55
-29.45
-30.27
-31.18
-32.00
-32.91
-33.82
-34.64
-35.55
-36.36
-37.27
-38.09
-38.91
-39.73
-40.64
-41.45
-42.27
-43.09
-43.91
-44.73
-45.45
-46.27
-47.09
-47.91
-48.64
-49.45
-50.18
-51.00
-51.73
-52.45
-53.27
-54.00
-54.73
-55.45
-56.18
-56.82
-57.55
-58.18
-58.91
-59.55
-60.18
-60.91
-61.45
-62.09
-62.73
-63.36
-63.91
-64.55
-65.09
-65.64
-66.18
-66.73
-67.27
-67.82
-68.36
-68.91
-69.55
-70.09
-70.73
-71.27
-71.91
-72.45
-73.09
-73.64
-74.18
-74.73
-75.27
-75.82
-76.27
-76.82
-77.36
-77.82
-78.36
-78.82
-79.36
-79.82
-80.27
-80.82
-81.27
-81.73
-82.18
-82.64
-83.00
-83.45
-83.91
-84.27
-84.73
-85.09
-85.45
-85.82
-86.18
-86.55
-86.91
-87.27
-87.64
-88.00
-88.27
-88.64
-88.91
-89.27
-89.55
-89.82
-90.09
-90.36
-90.64
-90.91
-91.09
-91.36
-91.55
-91.82
-92.00
-92.18
-92.36
-92.55
-92.73
-92.91
-93.09
-93.27
-93.36
-93.55
-93.73
-93.82
-93.91
-94.09
-94.18
-94.27
-94.36
-94.45
-94.55
-94.64
-94.64
-94.73
-94.82
-94.82
-94.82
-94.91
-94.91
-94.91
-94.91
-94.91
-94.91
-94.91
-94.91
-94.91
-94.91
-94.91
-94.91
-94.82
-94.82
-94.82
-94.73
-94.64
-94.64
-94.55
-94.45
-94.36
-94.27
-94.18
-94.09
-94.00
-93.91
-93.73
-93.64
-93.55
-93.36
-93.18
-93.09
-92.91
-92.73
-92.64
-92.45
-92.27
-92.00
-91.82
-91.64
-91.45
-91.18
-91.00
-90.73
-90.55
-90.27
-90.00
-89.73
-89.45
-89.18
-88.91
-88.64
-88.36
-88.00
-87.73
-87.36
-87.09
-86.73
-86.36
-86.00
-85.55
-85.18
-84.73
-84.36
-83.91
-83.55
-83.09
-82.64
-82.18
-81.73
-81.27
-80.82
-80.36
-79.91
-79.36
-78.91
-78.36
-77.91
-77.36
-76.82
-76.27
-75.73
-75.18
-74.55
-74.00
-73.36
-72.82
-72.18
-71.55
-70.91
-70.18
-69.55
-68.91
-68.27
-67.64
-67.00
-66.45
-65.82
-65.18
-64.64
-64.00
-63.45
-62.91
-62.36
-61.73
-61.09
-60.36
-59.73
-59.00
-58.27
-57.55
-56.82
-56.00
-55.27
-54.64
-53.91
-53.27
-52.55
-51.82
-51.09
-50.27
-49.55
-48.82
-48.00
-47.27
-46.45
-45.73
-44.91
-44.18
-43.36
-42.55
-41.73
-41.00
-40.18
-39.36
-38.55
-37.73
-36.91
-36.09
-35.27
-34.45
-33.55
-32.73
-31.91
-31.09
-30.18
-29.36
-28.45
-27.64
-26.82
-25.91
-25.00
-24.18
-23.27
-22.45
-21.64
-20.73
-19.82
-19.00
-18.09
-17.18
-16.36
-15.45
-14.55
-13.73
-12.82
-11.91
-11.00
-10.09
-9.27
-8.36
-7.45
-6.55
-5.73
-4.82
-3.91
-3.00
-2.09
-1.27
-0.36
0.55
1.45
2.36
3.27
4.18
5.09
5.91
6.82
7.73
8.55
9.45
10.36
11.27
12.09
13.00
13.91
14.73
15.64
16.55
17.36
18.27
19.09
20.00
20.82
21.73
22.55
23.36
24.27
25.09
25.91
26.82
27.64
28.45
29.27
30.09
30.91
31.73
32.55
33.36
34.18
35.00
35.73
36.55
37.36
38.18
38.91
39.73
40.45
41.27
42.00
42.82
43.55
44.27
45.09
45.82
46.55
47.27
48.00
48.73
49.45
50.18
50.82
51.55
52.18
52.91
53.55
54.27
54.91
55.55
56.18
56.82
57.45
58.09
58.64
59.27
59.91
60.45
61.09
61.73
62.36
63.00
63.64
64.18
64.82
65.36
66.00
66.55
67.09
67.64
68.18
68.73
69.27
69.82
70.27
70.82
71.27
71.73
72.27
72.73
73.18
73.64
74.09
74.55
75.00
75.45
75.82
76.27
76.73
77.09
77.45
77.91
78.27
78.64
79.00
79.36
79.73
80.09
80.45
80.73
81.09
81.45
81.73
82.00
82.36
82.64
82.91
83.18
83.45
83.73
84.00
84.27
84.55
84.73
85.00
85.18
85.45
85.64
85.82
86.00
86.18
86.36
86.55
86.73
86.91
87.00
87.18
87.36
87.45
87.55
87.73
87.82
87.91
88.00
88.09
88.18
88.27
88.27
88.36
88.45
88.45
88.55
88.55
88.55
88.55
88.64
88.64
88.64
88.64
88.55
88.55
88.55
88.55
88.45
88.45
88.45
88.36
88.36
88.27
88.27
88.18
88.09
88.09
88.00
87.91
87.91
87.82
87.73
87.64
87.64
87.55
87.45
87.36
87.27
87.18
87.09
87.00
86.91
86.82
86.64
86.55
86.45
86.27
86.18
86.00
85.73
85.55
85.27
85.00
84.73
84.36
84.09
83.73
83.36
83.00
82.73
82.36
82.00
81.64
81.18
80.82
80.45
80.09
79.64
79.27
78.82
78.36
78.00
77.55
77.09
76.64
76.18
75.73
75.27
74.82
74.27
73.82
73.27
72.82
72.27
71.73
71.18
70.64
70.09
69.55
68.91
68.27
67.64
67.00
66.36
65.73
65.09
64.36
63.73
63.00
62.27
61.64
61.09
60.45
59.82
59.27
58.64
58.00
57.36
56.73
56.09
55.45
54.82
54.18
53.45
52.82
52.18
51.45
50.82
50.09
49.45
48.73
48.00
47.27
46.64
45.91
45.18
44.45
43.73
43.00
42.18
41.45
40.73
40.00
39.27
38.45
37.73
36.91
36.18
35.45
34.64
33.82
33.09
32.27
31.45
30.73
29.91
29.09
28.27
27.45
26.64
25.91
25.09
24.27
23.45
22.64
21.82
20.91
20.09
19.27
18.45
17.64
16.82
16.00
15.18
14.27
13.45
12.64
11.73
10.91
10.09
9.27
8.45
7.55
6.73
5.91
5.09
4.18
3.36
2.55
1.73
0.82
0.00
-0.82
-1.73
-2.55
-3.36
-4.18
-5.00
-5.91
-6.73
-7.55
-8.36
-9.27
-10.09
-10.91
-11.73
-12.55
-13.36
-14.18
-15.00
-15.82
-16.64
-17.45
-18.27
-19.09
-19.91
-20.73
-21.55
-22.36
-23.18
-23.91
-24.73
-25.55
-26.27
-27.09
-27.91
-28.64
-29.45
-30.18
-30.91
-31.73
-32.45
-33.18
-34.00
-34.73
-35.45
-36.18
-36.91
-37.64
-38.36
-39.09
-39.82
-40.55
-41.27
-41.91
-42.64
-43.36
-44.00
-44.73
-45.36
-46.09
-46.73
-47.36
-48.00
-48.64
-49.27
-49.91
-50.55
-51.09
-51.73
-52.27
-52.91
-53.45
-54.00
-54.55
-55.09
-55.55
-56.09
-56.64
-57.09
-57.64
-58.09
-58.55
-59.00
-59.45
-59.91
-60.36
-60.82
-61.27
-61.82
-62.27
-62.82
-63.27
-63.82
-64.27
-64.82
-65.27
-65.82
-66.27
-66.82
-67.27
-67.73
-68.18
-68.64
-69.09
-69.45
-69.91
-70.27
-70.73
-71.09
-71.45
-71.82
-72.18
-72.55
-72.91
-73.27
-73.64
-73.91
-74.27
-74.55
-74.82
-75.18
-75.45
-75.73
-76.00
-76.27
-76.55
-76.82
-77.09
-77.36
-77.64
-77.82
-78.09
-78.36
-78.55
-78.73
-79.00
-79.18
-79.36
-79.55
-79.82
-80.00
-80.18
-80.36
-80.55
-80.64
-80.82
-80.91
-81.00
-81.09
-81.18
-81.27
-81.36
-81.36
-81.36
-81.45
-81.45
-81.55
-81.55
-81.55
-81.64
-81.64
-81.64
-81.64
-81.64
-81.64
-81.55
-81.55
-81.55
-81.45
-81.45
-81.36
-81.36
-81.27
-81.27
-81.18
-81.09
-81.09
-81.00
-80.91
-80.73
-80.64
-80.55
-80.36
-80.27
-80.18
-80.00
-79.82
-79.73
-79.55
-79.36
-79.18
-79.00
-78.82
-78.64
-78.36
-78.18
-78.00
-77.73
-77.55
-77.27
-77.00
-76.82
-76.55
-76.27
-76.00
-75.73
-75.45
-75.09
-74.82
-74.45
-74.09
-73.82
-73.45
-73.09
-72.73
-72.36
-72.00
-71.64
-71.27
-70.91
-70.55
-70.09
-69.73
-69.27
-68.91
-68.45
-68.00
-67.64
-67.18
-66.73
-66.27
-65.82
-65.36
-64.82
-64.36
-63.91
-63.36
-62.91
-62.36
-61.91
-61.36
-60.91
-60.36
-59.82
-59.27
-58.73
-58.18
-57.64
-57.09
-56.55
-56.00
-55.36
-54.82
-54.18
-53.64
-53.00
-52.45
-51.82
-51.18
-50.64
-50.00
-49.36
-48.73
-48.09
-47.45
-46.82
-46.18
-45.55
-44.91
-44.18
-43.55
-42.82
-42.18
-41.45
-40.82
-40.18
-39.45
-38.73
-38.00
-37.36
-36.64
-35.91
-35.18
-34.45
-33.73
-33.00
-32.27
-31.55
-30.82
-30.09
-29.36
-28.64
-27.82
-27.09
-26.36
-25.55
-24.82
-24.09
-23.27
-22.55
-21.73
-21.00
-20.27
-19.45
-18.64
-17.91
-17.09
-16.36
-15.55
-14.73
-14.00
-13.18
-12.36
-11.64
-10.82
-10.00
-9.27
-8.45
-7.64
-6.91
-6.09
-5.27
-4.45
-3.73
-2.91
-2.09
-1.27
-0.55
0.27
1.09
1.91
2.64
3.45
4.27
5.09
5.82
6.64
7.45
8.18
9.00
9.82
10.55
11.36
12.09
12.91
13.64
14.45
15.27
16.00
16.73
17.55
18.27
19.09
19.82
20.55
21.36
22.09
22.82
23.55
24.36
25.09
25.82
26.55
27.27
28.00
28.73
29.45
30.18
30.91
31.64
32.27
33.00
33.73
34.36
35.09
35.82
36.45
37.18
37.82
38.55
39.18
39.82
40.45
41.18
41.82
42.45
43.09
43.73
44.27
44.91
45.55
46.18
46.73
47.36
47.91
48.45
49.09
49.64
50.18
50.73
51.27
51.82
52.36
52.91
53.45
53.91
54.45
55.00
55.55
56.09
56.64
57.18
57.73
58.18
58.73
59.18
59.64
60.09
60.55
61.09
61.45
61.91
62.36
62.82
63.27
63.64
64.09
64.45
64.82
65.27
65.64
66.00
66.36
66.73
67.09
67.45
67.82
68.18
68.45
68.82
69.18
69.45
69.73
70.09
70.36
70.64
70.91
71.18
71.45
71.73
72.00
72.18
72.45
72.64
72.91
73.09
73.27
73.55
73.73
73.91
74.09
74.27
74.45
74.64
74.82
75.00
75.18
75.27
75.45
75.55
75.73
75.82
75.91
76.00
76.09
76.18
76.27
76.27
76.36
76.45
76.45
76.55
76.55
76.55
76.64
76.64
76.64
76.64
76.64
76.64
76.64
76.55
76.55
76.45
76.45
76.36
76.36
76.27
76.18
76.09
76.00
75.91
75.82
75.73
75.64
75.55
75.45
75.27
75.18
75.09
74.91
74.82
74.64
74.45
74.36
74.18
74.00
73.82
73.64
73.45
73.27
73.09
72.82
72.64
72.45
72.18
72.00
71.73
71.45
71.27
71.00
70.73
70.45
70.18
69.82
69.55
69.27
68.91
68.64
68.27
67.91
67.55
67.18
66.82
66.45
66.09
65.73
65.27
64.91
64.45
64.00
63.55
63.09
62.64
62.18
61.73
61.18
60.73
60.18
59.64
59.18
58.64
58.18
57.73
57.27
56.73
56.27
55.73
55.27
54.73
54.18
53.64
53.18
52.64
52.09
51.55
51.00
50.36
49.82
49.27
48.73
48.09
47.55
46.91
46.36
45.73
45.18
44.55
43.91
43.36
42.73
42.09
41.45
40.82
40.18
39.55
38.91
38.27
37.64
37.00
36.27
35.64
35.00
34.27
33.64
32.91
32.27
31.55
30.91
30.18
29.55
28.82
28.09
27.45
26.73
26.00
25.27
24.55
23.82
23.09
22.36
21.73
21.00
20.27
19.55
18.82
18.00
17.27
16.55
15.82
15.09
14.36
13.64
12.91
12.18
11.36
10.64
9.91
9.18
8.45
7.64
6.91
6.18
5.45
4.64
3.91
3.18
2.36
1.64
0.91
0.18
-0.64
-1.36
-2.09
-2.82
-3.64
-4.36
-5.09
-5.82
-6.55
-7.27
-8.09
-8.82
-9.55
-10.27
-11.00
-11.73
-12.45
-13.18
-13.91
-14.64
-15.36
-16.09
-16.82
-17.55
-18.27
-19.00
-19.73
-20.36
-21.09
-21.82
-22.55
-23.18
-23.91
-24.64
-25.27
-26.00
-26.64
-27.36
-28.00
-28.73
-29.36
-30.00
-30.73
-31.36
-32.00
-32.64
-33.36
-34.00
-34.64
-35.27
-35.91
-36.55
-37.09
-37.73
-38.36
-39.00
-39.55
-40.18
-40.73
-41.36
-41.91
-42.55
-43.09
-43.64
-44.18
-44.73
-45.27
-45.73
-46.27
-46.82
-47.27
-47.73
-48.18
-48.73
-49.18
-49.64
-50.00
-50.45
-50.91
-51.27
-51.73
-52.09
-52.45
-52.91
-53.27
-53.73
-54.09
-54.55
-55.00
-55.45
-55.82
-56.27
-56.73
-57.18
-57.64
-58.09
-58.55
-59.00
-59.36
-59.82
-60.18
-60.55
-60.91
-61.18
-61.55
-61.82
-62.18
-62.45
-62.82
-63.09
-63.45
-63.73
-64.09
-64.36
-64.64
-64.91
-65.27
-65.55
-65.82
-66.00
-66.27
-66.55
-66.82
-67.00
-67.27
-67.45
-67.73
-67.91
-68.09
-68.36
-68.55
-68.73
-68.91
-69.09
-69.27
-69.45
-69.64
-69.82
-69.91
-70.09
-70.18
-70.27
-70.36
-70.36
-70.45
-70.45
-70.55
-70.55
-70.64
-70.73
-70.73
-70.82
-70.82
-70.82
-70.82
-70.82
-70.82
-70.82
-70.82
-70.73
-70.73
-70.73
-70.64
-70.64
-70.55
-70.45
-70.45
-70.36
-70.27
-70.18
-70.09
-70.00
-69.91
-69.82
-69.73
-69.55
-69.45
-69.27
-69.18
-69.00
-68.91
-68.73
-68.64
-68.45
-68.27
-68.09
-68.00
-67.82
-67.64
-67.45
-67.27
-67.09
-66.91
-66.64
-66.45
-66.18
-65.91
-65.64
-65.36
-65.00
-64.73
-64.45
-64.09
-63.82
-63.55
-63.18
-62.91
-62.55
-62.27
-61.91
-61.55
-61.18
-60.82
-60.45
-60.09
-59.73
-59.36
-59.00
-58.55
-58.18
-57.82
-57.36
-57.00
-56.55
-56.09
-55.73
-55.27
-54.82
-54.36
-53.91
-53.45
-53.00
-52.55
-52.09
-51.55
-51.09
-50.55
-50.09
-49.64
-49.09
-48.64
-48.09
-47.55
-47.00
-46.55
-46.00
-45.45
-44.91
-44.36
-43.82
-43.18
-42.64
-42.09
-41.55
-40.91
-40.36
-39.82
-39.18
-38.64
-38.00
-37.45
-36.82
-36.18
-35.64
-35.00
-34.36
-33.73
-33.09
-32.55
-31.91
-31.27
-30.64
-30.00
-29.36
-28.64
-28.00
-27.36
-26.73
-26.09
-25.36
-24.73
-24.09
-23.45
-22.73
-22.09
-21.36
-20.73
-20.00
-19.36
-18.73
-18.00
-17.27
-16.64
-15.91
-15.27
-14.55
-13.82
-13.18
-12.45
-11.73
-11.09
-10.36
-9.64
-8.91
-8.27
-7.55
-6.82
-6.18
-5.45
-4.73
-4.00
-3.36
-2.64
-1.91
-1.18
-0.55
0.18
0.91
1.64
2.27
3.00
3.73
4.45
5.09
5.82
6.55
7.18
7.91
8.64
9.27
10.00
10.73
11.36
12.09
12.73
13.45
14.18
14.82
15.45
16.18
16.82
17.55
18.18
18.91
19.55
20.18
20.82
21.55
22.18
22.82
23.45
24.09
24.82
25.45
26.09
26.73
27.36
28.00
28.55
29.18
29.82
30.45
31.09
31.64
32.27
32.91
33.45
34.09
34.64
35.27
35.82
36.36
37.00
37.55
38.09
38.64
39.18
39.73
40.27
40.82
41.27
41.82
42.27
42.82
43.27
43.82
44.27
44.73
45.27
45.73
46.18
46.64
47.18
47.64
48.09
48.64
49.09
49.55
50.00
50.45
50.91
51.36
51.82
52.27
52.73
53.09
53.55
53.91
54.36
54.73
55.09
55.45
55.82
56.18
56.55
56.91
57.27
57.55
57.91
58.18
58.55
58.82
59.18
59.45
59.73
60.09
60.36
60.64
60.91
61.18
61.36
61.64
61.91
62.18
62.36
62.64
62.82
63.00
63.27
63.45
63.64
63.82
64.00
64.18
64.36
64.55
64.64
64.82
65.00
65.09
65.18
65.36
65.45
65.55
65.64
65.82
65.91
66.00
66.00
66.09
66.18
66.27
66.27
66.36
66.36
66.45
66.45
66.45
66.55
66.55
66.55
66.55
66.55
66.55
66.55
66.55
66.55
66.45
66.45
66.36
66.27
66.18
66.18
66.09
66.00
65.91
65.82
65.64
65.55
65.45
65.36
65.18
65.09
64.91
64.82
64.64
64.45
64.27
64.09
63.91
63.73
63.55
63.36
63.18
62.91
62.73
62.55
62.27
62.09
61.82
61.55
61.27
61.09
60.82
60.55
60.27
60.00
59.64
59.36
59.09
58.73
58.45
58.18
57.82
57.45
57.18
56.82
56.45
56.09
55.82
55.45
55.09
54.73
54.27
53.91
53.55
53.09
52.73
52.36
51.91
51.55
51.09
50.64
50.27
49.82
49.36
48.91
48.45
48.00
47.55
47.09
46.64
46.18
45.64
45.18
44.73
44.18
43.73
43.18
42.64
42.18
41.64
41.09
40.64
40.09
39.55
39.00
38.45
37.91
37.36
36.82
36.27
35.73
35.18
34.55
34.00
33.45
32.82
32.27
31.73
31.09
30.55
29.91
29.27
28.73
28.09
27.55
26.91
26.27
25.64
25.09
24.45
23.82
23.18
22.55
21.91
21.27
20.64
20.00
19.36
18.73
18.09
17.45
16.82
16.18
15.55
14.82
14.18
13.55
12.91
12.27
11.64
10.91
10.27
9.64
8.91
8.27
7.64
7.00
6.27
5.64
5.00
4.36
3.64
3.00
2.27
1.64
1.00
0.36
-0.36
-1.00
-1.64
-2.36
-3.00
-3.64
-4.27
-5.00
-5.64
-6.27
-6.91
-7.64
-8.27
-8.91
-9.55
-10.18
-10.91
-11.55
-12.18
-12.82
-13.45
-14.09
-14.73
-15.36
-16.00
-16.64
-17.27
-17.91
-18.55
-19.18
-19.82
-20.36
-21.00
-21.64
-22.27
-22.82
-23.45
-24.09
-24.64
-25.27
-25.82
-26.45
-27.00
-27.64
-28.18
-28.73
-29.36
-29.91
-30.45
-31.09
-31.64
-32.18
-32.73
-33.27
-33.82
-34.36
-34.91
-35.45
-35.91
-36.45
-37.00
-37.45
-38.00
-38.45
-39.00
-39.45
-39.91
-40.36
-40.82
-41.27
-41.73
-42.18
-42.55
-43.00
-43.36
-43.73
-44.18
-44.55
-44.91
-45.27
-45.64
-46.00
-46.27
-46.64
-47.00
-47.36
-47.64
-48.09
-48.45
-48.82
-49.18
-49.64
-50.00
-50.36
-50.73
-51.09
-51.36
-51.73
-52.09
-52.36
-52.73
-53.00
-53.36
-53.64
-53.91
-54.18
-54.45
-54.73
-55.00
-55.27
-55.55
-55.82
-56.00
-56.27
-56.55
-56.73
-57.00
-57.18
-57.36
-57.64
-57.82
-58.00
-58.18
-58.36
-58.55
-58.73
-58.82
-59.00
-59.18
-59.27
-59.45
-59.55
-59.73
-59.82
-59.91
-60.09
-60.18
-60.36
-60.45
-60.55
-60.73
-60.82
-60.91
-61.00
-61.09
-61.18
-61.27
-61.45
-61.45
-61.55
-61.64
-61.64
-61.64
-61.64
-61.64
-61.64
-61.64
-61.55
-61.55
-61.45
-61.45
-61.36
-61.27
-61.18
-61.18
-61.09
-61.00
-60.91
-60.82
-60.73
-60.64
-60.55
-60.45
-60.36
-60.27
-60.18
-60.00
-59.91
-59.82
-59.64
-59.55
-59.36
-59.18
-59.00
-58.82
-58.55
-58.36
-58.09
-57.91
-57.64
-57.45
-57.18
-56.91
-56.73
-56.45
-56.27
-56.00
-55.73
-55.45
-55.18
-54.91
-54.55
-54.27
-54.00
-53.64
-53.36
-53.09
-52.73
-52.45
-52.09
-51.73
-51.45
-51.09
-50.73
-50.36
-50.00
-49.64
-49.27
-48.91
-48.45
-48.09
-47.73
-47.36
-46.91
-46.55
-46.09
-45.73
-45.27
-44.82
-44.45
-44.00
-43.55
-43.09
-42.64
-42.18
-41.73
-41.27
-40.82
-40.36
-39.82
-39.36
-38.91
-38.45
-37.91
-37.45
-36.91
-36.45
-35.91
-35.36
-34.91
-34.36
-33.82
-33.36
-32.82
-32.27
-31.73
-31.18
-30.64
-30.09
-29.55
-29.00
-28.45
-27.91
-27.36
-26.82
-26.18
-25.64
-25.09
-24.55
-23.91
-23.36
-22.82
-22.18
-21.64
-21.00
-20.45
-19.82
-19.27
-18.64
-18.09
-17.45
-16.82
-16.27
-15.64
-15.00
-14.45
-13.82
-13.18
-12.64
-12.00
-11.36
-10.73
-10.09
-9.55
-8.91
-8.27
-7.64
-7.00
-6.45
-5.82
-5.18
-4.55
-3.91
-3.27
-2.73
-2.09
-1.45
-0.82
-0.18
0.45
1.09
1.64
2.27
2.91
3.55
4.18
4.82
5.36
6.00
6.64
7.27
7.82
8.45
9.09
9.73
10.27
10.91
11.55
12.09
12.73
13.36
13.91
14.55
15.09
15.73
16.27
16.91
17.45
18.09
18.64
19.18
19.82
20.36
20.91
21.55
22.09
22.64
23.18
23.73
24.36
24.91
25.45
26.00
26.55
27.09
27.64
28.09
28.64
29.18
29.73
30.27
30.73
31.27
31.73
32.27
32.73
33.27
33.73
34.27
34.73
35.18
35.64
36.18
36.64
37.09
37.55
38.00
38.36
38.82
39.27
39.73
40.09
40.55
41.00
41.36
41.82
42.18
42.55
42.91
43.36
43.73
44.09
44.45
44.82
45.18
45.55
45.91
46.27
46.64
47.00
47.36
47.73
48.09
48.45
48.82
49.18
49.45
49.82
50.09
50.45
50.73
51.00
51.27
51.55
51.82
52.09
52.36
52.55
52.82
53.00
53.27
53.45
53.73
53.91
54.18
54.36
54.55
54.73
54.91
55.09
55.27
55.45
55.64
55.73
55.91
56.09
56.18
56.36
56.45
56.55
56.73
56.82
56.91
57.00
57.09
57.18
57.27
57.36
57.36
57.45
57.55
57.55
57.64
57.64
57.73
57.73
57.73
57.73
57.73
57.73
57.73
57.73
57.73
57.73
57.73
57.64
57.64
57.55
57.55
57.45
57.45
57.36
57.27
57.18
57.09
57.09
57.00
56.91
56.82
56.73
56.55
56.45
56.36
56.27
56.09
56.00
55.82
55.64
55.45
55.27
55.09
54.91
54.73
54.55
54.36
54.18
53.91
53.73
53.55
53.27
53.09
52.82
52.64
52.36
52.09
51.82
51.64
51.27
51.00
50.73
50.45
50.18
49.91
49.55
49.27
49.00
48.64
48.36
48.00
47.73
47.36
47.00
46.73
46.36
46.00
45.64
45.27
44.91
44.55
44.18
43.73
43.36
43.00
42.64
42.18
41.82
41.36
41.00
40.55
40.18
39.73
39.27
38.91
38.45
38.00
37.55
37.09
36.64
36.18
35.73
35.27
34.82
34.36
33.82
33.36
32.91
32.45
31.91
31.45
30.91
30.45
29.91
29.45
28.91
28.45
27.91
27.36
26.82
26.36
25.82
25.27
24.73
24.18
23.64
23.09
22.64
22.09
21.55
21.00
20.45
19.82
19.27
18.73
18.18
17.64
17.09
16.55
15.91
15.36
14.82
14.27
13.64
13.09
12.55
11.91
11.36
10.82
10.18
9.64
9.09
8.45
7.91
7.27
6.73
6.18
5.55
5.00
4.36
3.82
3.27
2.64
2.09
1.45
0.91
0.27
-0.27
-0.91
-1.45
-2.00
-2.64
-3.18
-3.73
-4.36
-4.91
-5.55
-6.09
-6.64
-7.27
-7.82
-8.36
-9.00
-9.55
-10.09
-10.64
-11.27
-11.82
-12.36
-12.91
-13.45
-14.09
-14.64
-15.18
-15.73
-16.27
-16.82
-17.36
-17.91
-18.45
-19.00
-19.55
-20.09
-20.64
-21.09
-21.64
-22.18
-22.73
-23.18
-23.73
-24.27
-24.73
-25.27
-25.73
-26.27
-26.73
-27.27
-27.73
-28.18
-28.73
-29.18
-29.64
-30.09
-30.64
-31.09
-31.55
-32.00
-32.45
-32.91
-33.36
-33.73
-34.18
-34.64
-35.00
-35.45
-35.82
-36.27
-36.64
-37.00
-37.45
-37.82
-38.18
-38.45
-38.82
-39.18
-39.55
-39.82
-40.18
-40.45
-40.73
-41.09
-41.36
-41.64
-41.91
-42.18
-42.45
-42.73
-43.00
-43.36
-43.64
-44.00
-44.27
-44.64
-45.00
-45.27
-45.64
-45.91
-46.27
-46.55
-46.82
-47.09
-47.36
-47.64
-47.91
-48.18
-48.45
-48.73
-48.91
-49.18
-49.36
-49.64
-49.82
-50.00
-50.18
-50.36
-50.55
-50.64
-50.82
-51.00
-51.18
-51.27
-51.45
-51.55
-51.64
-51.82
-51.91
-52.00
-52.18
-52.27
-52.36
-52.45
-52.55
-52.55
-52.64
-52.73
-52.82
-52.82
-52.91
-52.91
-53.00
-53.00
-53.00
-53.09
-53.09
-53.09
-53.09
-53.09
-53.09
-53.09
-53.09
-53.00
-53.00
-53.00
-52.91
-52.91
-52.82
-52.82
-52.73
-52.73
-52.64
-52.55
-52.55
-52.45
-52.36
-52.36
-52.27
-52.18
-52.18
-52.09
-52.00
-51.91
-51.82
-51.73
-51.55
-51.45
-51.27
-51.09
-50.91
-50.73
-50.55
-50.27
-50.09
-49.82
-49.64
-49.36
-49.18
-49.00
-48.73
-48.55
-48.36
-48.09
-47.82
-47.64
-47.36
-47.09
-46.82
-46.55
-46.27
-46.00
-45.73
-45.45
-45.18
-44.82
-44.55
-44.27
-43.91
-43.64
-43.27
-43.00
-42.64
-42.36
-42.00
-41.64
-41.27
-41.00
-40.64
-40.27
-39.91
-39.55
-39.18
-38.82
-38.36
-38.00
-37.64
-37.27
-36.82
-36.45
-36.00
-35.64
-35.18
-34.82
-34.36
-34.00
-33.55
-33.09
-32.73
-32.27
-31.82
-31.36
-30.91
-30.45
-30.00
-29.55
-29.09
-28.64
-28.18
-27.73
-27.27
-26.82
-26.27
-25.82
-25.36
-24.82
-24.36
-23.91
-23.36
-22.91
-22.36
-21.91
-21.36
-20.91
-20.36
-19.91
-19.36
-18.82
-18.36
-17.82
-17.27
-16.73
-16.27
-15.73
-15.18
-14.73
-14.18
-13.64
-13.09
-12.55
-12.00
-11.45
-10.91
-10.45
-9.91
-9.36
-8.82
-8.27
-7.73
-7.18
-6.64
-6.09
-5.55
-5.00
-4.45
-3.91
-3.36
-2.82
-2.27
-1.73
-1.18
-0.64
-0.09
0.45
1.00
1.55
2.09
2.64
3.18
3.73
4.27
4.82
5.27
5.82
6.36
6.91
7.45
8.00
8.55
9.09
9.55
10.09
10.64
11.18
11.73
12.18
12.73
13.27
13.82
14.27
14.82
15.36
15.82
16.36
16.82
17.36
17.82
18.36
18.82
19.36
19.82
20.36
20.82
21.27
21.82
22.27
22.73
23.27
23.73
24.18
24.64
25.09
25.55
26.00
26.45
26.91
27.36
27.82
28.27
28.73
29.09
29.55
30.00
30.36
30.82
31.27
31.64
32.09
32.45
32.82
33.27
33.64
34.00
34.36
34.82
35.18
35.55
35.91
36.27
36.55
36.91
37.27
37.64
37.91
38.27
38.64
38.91
39.27
39.55
39.82
40.18
40.45
40.73
41.00
41.36
41.64
41.91
42.18
42.55
42.82
43.09
43.36
43.73
44.00
44.18
44.45
44.73
45.00
45.18
45.36
45.64
45.82
46.00
46.27
46.45
46.64
46.82
47.00
47.18
47.36
47.45
47.64
47.82
48.00
48.09
48.27
48.36
48.55
48.64
48.73
48.82
49.00
49.09
49.18
49.27
49.36
49.45
49.45
49.55
49.64
49.64
49.73
49.82
49.82
49.82
49.91
49.91
49.91
49.91
50.00
50.00
50.00
50.00
49.91
49.91
49.91
49.91
49.82
49.82
49.82
49.73
49.64
49.64
49.55
49.45
49.45
49.36
49.27
49.18
49.09
49.00
48.82
48.73
48.64
48.55
48.36
48.27
48.09
48.00
47.82
47.73
47.55
47.36
47.18
47.00
46.82
46.64
46.45
46.27
46.09
45.91
45.73
45.45
45.27
45.09
44.82
44.64
44.36
44.18
43.91
43.64
43.36
43.18
42.91
42.64
42.36
42.09
41.82
41.55
41.18
40.91
40.64
40.36
40.00
39.73
39.36
39.09
38.73
38.45
38.09
37.82
37.45
37.09
36.73
36.45
36.09
35.73
35.36
35.00
34.64
34.27
33.82
33.45
33.09
32.73
32.36
31.91
31.55
31.09
30.73
30.27
29.91
29.45
29.09
28.64
28.27
27.82
27.36
26.91
26.55
26.09
25.64
25.18
24.73
24.27
23.82
23.36
22.91
22.45
22.00
21.55
21.09
20.64
20.18
19.73
19.18
18.73
18.27
17.82
17.27
16.82
16.36
15.82
15.36
14.91
14.36
13.91
13.36
12.91
12.45
11.91
11.36
10.91
10.36
9.91
9.45
8.91
8.36
7.91
7.36
6.91
6.36
5.82
5.36
4.82
4.36
3.82
3.36
2.82
2.27
1.82
1.27
0.82
0.27
-0.27
-0.73
-1.27
-1.73
-2.27
-2.82
-3.27
-3.82
-4.27
-4.82
-5.27
-5.82
-6.27
-6.82
-7.27
-7.82
-8.27
-8.82
-9.27
-9.82
-10.27
-10.82
-11.27
-11.73
-12.27
-12.73
-13.18
-13.73
-14.18
-14.64
-15.09
-15.64
-16.09
-16.55
-17.00
-17.45
-17.91
-18.36
-18.82
-19.27
-19.73
-20.18
-20.64
-21.09
-21.55
-22.00
-22.36
-22.82
-23.27
-23.73
-24.09
-24.55
-24.91
-25.36
-25.73
-26.18
-26.55
-27.00
-27.36
-27.73
-28.09
-28.45
-28.82
-29.18
-29.55
-29.91
-30.27
-30.64
-31.00
-31.27
-31.64
-31.91
-32.27
-32.55
-32.82
-33.18
-33.45
-33.73
-34.00
-34.27
-34.45
-34.73
-35.00
-35.27
-35.55
-35.82
-36.09
-36.36
-36.64
-36.91
-37.27
-37.55
-37.82
-38.09
-38.36
-38.64
-38.91
-39.09
-39.36
-39.64
-39.82
-40.09
-40.27
-40.55
-40.73
-41.00
-41.18
-41.36
-41.55
-41.73
-41.91
-42.09
-42.27
-42.45
-42.64
-42.82
-43.00
-43.18
-43.27
-43.45
-43.64
-43.73
-43.91
-44.00
-44.09
-44.27
-44.36
-44.45
-44.55
-44.64
-44.73
-44.82
-44.91
-45.00
-45.00
-45.09
-45.18
-45.18
-45.27
-45.27
-45.27
-45.36
-45.36
-45.36
-45.36
-45.36
-45.36
-45.36
-45.36
-45.36
-45.36
-45.36
-45.27
-45.27
-45.27
-45.27
-45.18
-45.18
-45.18
-45.09
-45.09
-45.09
-45.00
-45.00
-44.91
-44.91
-44.82
-44.82
-44.73
-44.64
-44.55
-44.45
-44.27
-44.18
-44.00
-43.82
-43.64
-43.45
-43.27
-43.18
-43.00
-42.82
-42.64
-42.55
-42.36
-42.18
-41.91
-41.73
-41.55
-41.36
-41.18
-40.91
-40.73
-40.55
-40.27
-40.09
-39.82
-39.64
-39.36
-39.09
-38.91
-38.64
-38.36
-38.09
-37.82
-37.55
-37.27
-37.00
-36.73
-36.45
-36.18
-35.91
-35.55
-35.27
-35.00
-34.64
-34.36
-34.00
-33.73
-33.36
-33.09
-32.73
-32.36
-32.00
-31.73
-31.36
-31.00
-30.64
-30.27
-29.91
-29.55
-29.18
-28.82
-28.45
-28.09
-27.73
-27.36
-27.00
-26.55
-26.18
-25.82
-25.36
-25.00
-24.64
-24.18
-23.82
-23.36
-23.00
-22.55
-22.18
-21.73
-21.36
-20.91
-20.45
-20.09
-19.64
-19.18
-18.82
