-90.00
-90.18
-90.27
-90.36
-90.45
-90.55
-90.64
-90.82
-90.91
-91.00
-91.09
-91.18
-91.36
-91.45
-91.55
-91.64
-91.73
-91.91
-92.00
-92.09
-92.18
-92.36
-92.45
-92.55
-92.64
-92.73
-92.91
-93.00
-93.09
-93.18
-93.36
-93.45
-93.55
-93.64
-93.82
-93.91
-94.00
-94.09
-94.27
-94.36
-94.45
-94.55
-94.64
-94.82
-94.91
-95.00
-95.09
-95.27
-95.36
-95.45
-95.55
-95.73
-95.82
-95.91
-96.00
-96.18
-96.27
-96.36
-96.45
-96.55
-96.73
-96.82
-96.91
-97.00
-97.18
-97.27
-97.36
-97.45
-97.55
-97.73
-97.82
-97.91
-98.00
-98.18
-98.27
-98.36
-98.45
-98.55
-98.64
-98.82
-98.91
-99.00
-99.09
-99.18
-99.36
-99.45
-99.55
-99.64
-99.73
-99.82
-99.91
-100.09
-100.18
-100.27
-100.36
-100.45
-100.55
-100.64
-100.73
-100.82
-101.00
-101.09
-101.18
-101.27
-101.36
-101.45
-101.55
-101.64
-101.73
-101.82
-101.91
-102.00
-102.09
-102.18
-102.27
-102.36
-102.45
-102.55
-102.64
-102.73
-102.82
-102.91
-103.00
-103.09
-103.18
-103.27
-103.36
-103.45
-103.55
-103.64
-103.73
-103.82
-103.91
-104.00
-104.09
-104.18
-104.27
-104.27
-104.36
-104.45
-104.55
-104.64
-104.73
-104.82
-104.82
-104.91
-105.00
-105.09
-105.18
-105.18
-105.27
-105.36
-105.45
-105.55
-105.55
-105.64
-105.73
-105.82
-105.82
-105.91
-106.00
-106.09
-106.09
-106.18
-106.27
-106.36
-106.36
-106.45
-106.55
-106.64
-106.64
-106.73
-106.82
-106.91
-106.91
-107.00
-107.09
-107.09
-107.18
-107.27
-107.36
-107.36
-107.45
-107.55
-107.64
-107.64
-107.73
-107.82
-107.91
-107.91
-108.00
-108.09
-108.18
-108.18
-108.27
-108.36
-108.45
-108.45
-108.55
-108.64
-108.73
-108.73
-108.82
-108.82
-108.91
-109.00
-109.00
-109.09
-109.09
-109.18
-109.18
-109.27
-109.36
-109.36
-109.45
-109.55
-109.55
-109.64
-109.64
-109.73
-109.82
-109.82
-109.91
-109.91
-110.00
-110.09
-110.09
-110.18
-110.27
-110.27
-110.36
-110.45
-110.45
-110.55
-110.64
-110.64
-110.73
-110.82
-110.82
-110.91
-110.91
-111.00
-111.09
-111.09
-111.18
-111.18
-111.27
-111.36
-111.36
-111.45
-111.45
-111.55
-111.55
-111.64
-111.73
-111.73
-111.82
-111.82
-111.91
-112.00
-112.00
-112.09
-112.09
-112.18
-112.18
-112.27
-112.27
-112.36
-112.45
-112.45
-112.55
-112.55
-112.64
-112.64
-112.73
-112.73
-112.82
-112.82
-112.91
-113.00
-113.00
-113.09
-113.09
-113.18
-113.18
-113.27
-113.27
-113.36
-113.45
-113.45
-113.55
-113.55
-113.64
-113.64
-113.73
-113.73
-113.82
-113.82
-113.91
-113.91
-114.00
-114.00
-114.09
-114.09
-114.18
-114.18
-114.27
-114.27
-114.36
-114.36
-114.45
-114.45
-114.55
-114.55
-114.64
-114.64
-114.73
-114.73
-114.82
-114.82
-114.91
-114.91
-114.91
-115.00
-115.00
-115.09
-115.09
-115.09
-115.18
-115.18
-115.18
-115.27
-115.27
-115.27
-115.36
-115.36
-115.36
-115.45
-115.45
-115.45
-115.45
-115.45
-115.55
-115.55
-115.55
-115.55
-115.55
-115.55
-115.55
-115.55
-115.55
-115.55
-115.55
-115.55
-115.55
-115.55
-115.45
-115.45
-115.45
-115.45
-115.36
-115.36
-115.27
-115.27
-115.18
-115.18
-115.09
-115.00
-115.00
-114.91
-114.82
-114.73
-114.64
-114.55
-114.36
-114.27
-114.18
-114.00
-113.91
-113.82
-113.64
-113.55
-113.45
-113.27
-113.18
-113.00
-112.82
-112.73
-112.55
-112.36
-112.18
-112.09
-111.91
-111.73
-111.55
-111.36
-111.18
-111.00
-110.82
-110.64
-110.45
-110.18
-110.00
-109.82
-109.55
-109.18
-108.82
-108.45
-108.09
-107.82
-107.45
-107.09
-106.82
-106.45
-106.09
-105.82
-105.45
-105.09
-104.73
-104.27
-103.91
-103.55
-103.09
-102.64
-102.27
-101.82
-101.36
-101.00
-100.55
-100.09
-99.64
-99.09
-98.64
-98.18
-97.73
-97.18
-96.73
-96.18
-95.64
-95.18
-94.64
-94.09
-93.55
-93.00
-92.45
-91.91
-91.36
-90.73
-90.18
-89.64
-89.00
-88.45
-87.82
-87.18
-86.55
-85.91
-85.36
-84.73
-84.00
-83.36
-82.73
-82.09
-81.36
-80.73
-80.00
-79.36
-78.64
-77.91
-77.18
-76.45
-75.73
-75.00
-74.27
-73.55
-72.82
-72.00
-71.27
-70.55
-69.73
-68.91
-68.18
-67.36
-66.55
-65.73
-64.91
-64.09
-63.18
-62.36
-61.45
-60.64
-59.73
-58.82
-57.91
-57.09
-56.18
-55.27
-54.36
-53.55
-52.64
-51.73
-50.82
-49.91
-49.00
-48.09
-47.18
-46.27
-45.36
-44.36
-43.45
-42.55
-41.55
-40.64
-39.64
-38.73
-37.73
-36.82
-35.82
-34.91
-33.91
-32.91
-32.00
-31.00
-30.00
-29.09
-28.09
-27.09
-26.09
-25.09
-24.18
-23.18
-22.18
-21.18
-20.27
-19.27
-18.27
-17.27
-16.27
-15.27
-14.27
-13.27
-12.36
-11.36
-10.36
-9.36
-8.36
-7.36
-6.36
-5.36
-4.36
-3.36
-2.36
-1.36
-0.36
0.64
1.64
2.64
3.64
4.64
5.55
6.55
7.55
8.55
9.45
10.45
11.45
12.36
13.36
14.27
15.27
16.18
17.18
18.09
19.09
20.00
20.91
21.82
22.82
23.73
24.64
25.55
26.45
27.36
28.27
29.18
30.09
30.91
31.82
32.73
33.64
34.55
35.36
36.27
37.09
37.91
38.82
39.64
40.45
41.36
42.18
43.00
43.82
44.55
45.36
46.18
47.00
47.73
48.55
49.27
50.09
50.82
51.55
52.27
53.00
53.73
54.45
55.18
55.91
56.64
57.27
58.00
58.73
59.45
60.18
60.82
61.55
62.18
62.91
63.55
64.18
64.82
65.45
66.09
66.73
67.36
68.00
68.64
69.18
69.82
70.45
71.00
71.55
72.18
72.73
73.27
73.82
74.45
74.91
75.45
76.00
76.55
77.09
77.55
78.09
78.55
79.09
79.55
80.00
80.55
81.00
81.45
82.00
82.45
82.91
83.36
83.73
84.18
84.55
85.00
85.36
85.73
86.18
86.55
86.91
87.18
87.55
87.91
88.27
88.55
88.91
89.18
89.55
89.82
90.09
90.36
90.73
90.91
91.18
91.45
91.73
92.00
92.18
92.45
92.64
92.91
93.09
93.27
93.45
93.64
93.82
94.00
94.18
94.36
94.45
94.64
94.73
94.91
95.00
95.09
95.27
95.36
95.45
95.55
95.64
95.73
95.82
95.82
95.91
96.00
96.00
96.09
96.09
96.18
96.18
96.27
96.27
96.27
96.27
96.27
96.27
96.27
96.27
96.27
96.18
96.18
96.09
96.09
96.00
96.00
95.91
95.82
95.73
95.64
95.55
95.36
95.27
95.09
95.00
94.82
94.64
94.45
94.27
94.09
93.91
93.64
93.45
93.27
93.00
92.82
92.55
92.27
92.09
91.82
91.55
91.27
91.00
90.73
90.45
90.09
89.82
89.45
89.18
88.82
88.55
88.18
87.82
87.45
87.09
86.73
86.36
86.00
85.64
85.18
84.82
84.45
84.00
83.55
83.18
82.73
82.27
81.82
81.36
80.91
80.45
80.00
79.45
79.00
78.55
78.00
77.55
77.00
76.45
75.91
75.36
74.91
74.36
73.73
73.18
72.64
72.09
71.45
70.91
70.27
69.73
69.09
68.45
67.91
67.27
66.64
66.00
65.36
64.73
64.00
63.36
62.73
62.00
61.36
60.64
59.91
59.18
58.45
57.82
57.09
56.36
55.55
54.82
54.09
53.36
52.55
51.82
51.00
50.27
49.45
48.73
47.91
47.09
46.36
45.55
44.73
43.91
43.09
42.27
41.45
40.64
39.82
39.00
38.18
37.36
36.45
35.64
34.82
34.00
33.09
32.27
31.36
30.55
29.64
28.82
27.91
27.09
26.18
25.36
24.45
23.55
22.73
21.82
21.00
20.09
19.18
18.36
17.45
16.55
15.64
14.82
13.91
13.00
12.09
11.27
10.36
9.45
8.55
7.64
6.64
5.73
4.82
3.91
3.00
2.09
1.18
0.27
-0.64
-1.45
-2.36
-3.27
-4.18
-5.09
-5.91
-6.82
-7.73
-8.64
-9.45
-10.36
-11.27
-12.09
-13.00
-13.82
-14.64
-15.55
-16.36
-17.27
-18.09
-19.00
-19.82
-20.73
-21.55
-22.36
-23.27
-24.09
-24.91
-25.82
-26.64
-27.45
-28.27
-29.09
-29.91
-30.73
-31.55
-32.27
-33.09
-33.82
-34.64
-35.36
-36.09
-36.82
-37.55
-38.27
-39.00
-39.73
-40.45
-41.18
-41.91
-42.55
-43.27
-44.00
-44.73
-45.36
-46.09
-46.82
-47.45
-48.18
-48.91
-49.55
-50.27
-50.91
-51.55
-52.27
-52.91
-53.55
-54.18
-54.73
-55.36
-56.00
-56.64
-57.18
-57.82
-58.36
-59.00
-59.55
-60.09
-60.73
-61.27
-61.82
-62.36
-62.91
-63.45
-64.00
-64.55
-65.09
-65.55
-66.09
-66.55
-67.09
-67.55
-68.00
-68.45
-68.91
-69.36
-69.82
-70.27
-70.64
-71.09
-71.45
-71.91
-72.27
-72.73
-73.09
-73.45
-73.91
-74.27
-74.64
-75.00
-75.36
-75.73
-76.09
-76.45
-76.82
-77.09
-77.45
-77.82
-78.18
-78.45
-78.82
-79.18
-79.45
-79.73
-80.09
-80.36
-80.73
-81.00
-81.27
-81.55
-81.82
-82.09
-82.36
-82.55
-82.82
-83.00
-83.18
-83.36
-83.55
-83.73
-83.82
-84.00
-84.09
-84.27
-84.36
-84.55
-84.64
-84.73
-84.82
-84.91
-85.00
-85.09
-85.18
-85.27
-85.36
-85.36
-85.45
-85.45
-85.55
-85.55
-85.55
-85.55
-85.55
-85.55
-85.55
-85.55
-85.55
-85.55
-85.55
-85.45
-85.45
-85.45
-85.45
-85.36
-85.36
-85.36
-85.27
-85.18
-85.18
-85.09
-85.00
-84.91
-84.82
-84.73
-84.64
-84.55
-84.45
-84.27
-84.18
-84.09
-83.91
-83.82
-83.64
-83.45
-83.27
-83.09
-82.91
-82.73
-82.45
-82.27
-82.00
-81.73
-81.45
-81.18
-80.91
-80.64
-80.36
-80.09
-79.82
-79.45
-79.18
-78.82
-78.55
-78.18
-77.82
-77.45
-77.09
-76.73
-76.36
-76.00
-75.64
-75.27
-74.82
-74.45
-74.00
-73.64
-73.18
-72.82
-72.36
-71.91
-71.45
-71.00
-70.55
-70.09
-69.64
-69.09
-68.64
-68.18
-67.64
-67.18
-66.64
-66.09
-65.55
-65.00
-64.45
-63.91
-63.36
-62.82
-62.27
-61.64
-61.09
-60.45
-59.82
-59.27
-58.64
-58.09
-57.45
-56.82
-56.18
-55.55
-54.91
-54.27
-53.64
-53.00
-52.36
-51.73
-51.09
-50.45
-49.82
-49.09
-48.45
-47.73
-47.09
-46.36
-45.73
-45.00
-44.36
-43.64
-42.91
-42.18
-41.45
-40.73
-40.09
-39.27
-38.55
-37.82
-37.09
-36.36
-35.64
-34.91
-34.09
-33.36
-32.64
-31.82
-31.09
-30.27
-29.55
-28.82
-28.00
-27.18
-26.45
-25.64
-24.82
-24.09
-23.27
-22.45
-21.55
-20.73
-19.91
-19.09
-18.36
-17.55
-16.73
-15.91
-15.09
-14.27
-13.45
-12.64
-11.82
-11.00
-10.27
-9.45
-8.64
-7.82
-7.00
-6.18
-5.36
-4.55
-3.73
-2.91
-2.18
-1.36
-0.55
0.27
1.09
1.91
2.73
3.55
4.36
5.09
5.91
6.64
7.45
8.18
9.00
9.82
10.55
11.36
12.09
12.82
13.64
14.45
15.18
16.00
16.73
17.55
18.27
19.09
19.82
20.55
21.36
22.09
22.82
23.55
24.27
25.00
25.73
26.45
27.18
27.91
28.64
29.36
30.09
30.82
31.45
32.18
32.82
33.55
34.18
34.91
35.55
36.27
36.91
37.55
38.18
38.91
39.55
40.18
40.82
41.45
42.09
42.73
43.36
44.00
44.64
45.27
45.82
46.45
47.09
47.64
48.27
48.82
49.45
50.00
50.55
51.09
51.64
52.18
52.73
53.27
53.73
54.27
54.82
55.27
55.82
56.27
56.82
57.27
57.82
58.27
58.73
59.18
59.64
60.09
60.55
61.00
61.45
61.82
62.27
62.73
63.09
63.55
63.91
64.27
64.73
65.09
65.45
65.82
66.18
66.55
66.91
67.18
67.55
67.91
68.18
68.55
68.82
69.09
69.45
69.73
70.00
70.27
70.55
70.91
71.18
71.45
71.64
71.91
72.09
72.36
72.55
72.73
72.91
73.18
73.36
73.55
73.64
73.82
74.00
74.18
74.27
74.45
74.55
74.73
74.82
74.91
75.00
75.09
75.18
75.27
75.36
75.45
75.55
75.55
75.64
75.64
75.64
75.73
75.73
75.73
75.73
75.73
75.73
75.73
75.73
75.73
75.64
75.64
75.64
75.55
75.55
75.55
75.45
75.36
75.36
75.27
75.18
75.00
74.91
74.82
74.64
74.55
74.45
74.27
74.09
73.91
73.82
73.64
73.45
73.27
73.09
72.82
72.64
72.45
72.18
72.00
71.73
71.55
71.27
71.00
70.82
70.55
70.27
70.00
69.73
69.36
69.09
68.82
68.45
68.18
67.91
67.55
67.18
66.91
66.55
66.18
65.82
65.45
65.09
64.73
64.36
63.91
63.55
63.18
62.73
62.36
61.91
61.45
61.09
60.64
60.18
59.73
59.27
58.82
58.36
57.91
57.45
56.91
56.45
55.91
55.45
54.91
54.45
53.91
53.36
52.91
52.36
51.82
51.27
50.73
50.18
49.64
49.09
48.45
47.91
47.36
46.73
46.18
45.55
45.00
44.36
43.73
43.18
42.55
41.91
41.27
40.64
40.00
39.36
38.73
38.09
37.45
36.82
36.18
35.45
34.82
34.18
33.45
32.82
32.09
31.45
30.82
30.09
29.36
28.73
28.00
27.27
26.64
25.91
25.18
24.45
23.82
23.09
22.36
21.64
20.91
20.18
19.45
18.73
18.00
17.27
16.55
15.82
15.09
14.36
13.64
12.91
12.18
11.45
10.64
9.91
9.18
8.45
7.73
6.91
6.18
5.45
4.73
4.00
3.18
2.45
1.73
0.91
0.18
-0.55
-1.27
-2.00
-2.73
-3.55
-4.27
-5.00
-5.73
-6.45
-7.18
-7.91
-8.64
-9.36
-10.18
-10.91
-11.64
-12.36
-13.09
-13.82
-14.55
-15.27
-16.00
-16.73
-17.45
-18.09
-18.82
-19.55
-20.27
-21.00
-21.64
-22.36
-23.09
-23.73
-24.45
-25.09
-25.82
-26.45
-27.09
-27.82
-28.45
-29.09
-29.73
-30.36
-31.00
-31.73
-32.36
-32.91
-33.55
-34.18
-34.82
-35.45
-36.09
-36.64
-37.27
-37.82
-38.45
-39.00
-39.64
-40.18
-40.73
-41.27
-41.91
-42.45
-43.00
-43.55
-44.09
-44.55
-45.09
-45.64
-46.18
-46.64
-47.09
-47.64
-48.09
-48.55
-49.00
-49.45
-49.91
-50.36
-50.82
-51.27
-51.64
-52.09
-52.55
-53.00
-53.36
-53.82
-54.18
-54.64
-55.00
-55.45
-55.82
-56.18
-56.55
-57.00
-57.36
-57.73
-58.09
-58.45
-58.82
-59.18
-59.55
-59.91
-60.18
-60.55
-60.91
-61.18
-61.55
-61.82
-62.09
-62.45
-62.73
-63.00
-63.27
-63.55
-63.82
-64.09
-64.36
-64.64
-64.82
-65.09
-65.27
-65.55
-65.73
-66.00
-66.18
-66.36
-66.55
-66.73
-66.91
-67.09
-67.27
-67.36
-67.55
-67.73
-67.82
-68.00
-68.09
-68.18
-68.36
-68.45
-68.55
-68.64
-68.73
-68.82
-68.91
-69.00
-69.00
-69.09
-69.18
-69.27
-69.36
-69.45
-69.45
-69.55
-69.55
-69.55
-69.64
-69.64
-69.55
-69.55
-69.55
-69.45
-69.45
-69.36
-69.36
-69.27
-69.18
-69.09
-69.09
-69.00
-68.91
-68.82
-68.82
-68.73
-68.64
-68.55
-68.45
-68.36
-68.27
-68.18
-68.09
-68.00
-67.91
-67.82
-67.73
-67.64
-67.45
-67.27
-67.09
-66.91
-66.73
-66.45
-66.18
-66.00
-65.73
-65.45
-65.18
-64.91
-64.64
-64.36
-64.09
-63.73
-63.45
-63.18
-62.82
-62.55
-62.18
-61.91
-61.55
-61.18
-60.91
-60.55
-60.18
-59.82
-59.45
-59.09
-58.73
-58.36
-57.91
-57.55
-57.18
-56.73
-56.36
-55.91
-55.55
-55.09
-54.64
-54.18
-53.73
-53.27
-52.82
-52.36
-51.91
-51.45
-50.91
-50.45
-49.91
-49.45
-48.91
-48.45
-47.91
-47.36
-46.91
-46.36
-45.82
-45.36
-44.82
-44.27
-43.73
-43.18
-42.64
-42.09
-41.55
-41.00
-40.45
-39.91
-39.27
-38.73
-38.18
-37.55
-37.00
-36.36
-35.82
-35.18
-34.64
-34.00
-33.36
-32.82
-32.18
-31.55
-30.91
-30.27
-29.64
-29.09
-28.36
-27.73
-27.18
-26.55
-25.82
-25.18
-24.55
-23.91
-23.27
-22.55
-21.82
-21.18
-20.45
-19.82
-19.09
-18.45
-17.73
-17.09
-16.45
-15.73
-15.09
-14.36
-13.73
-13.00
-12.36
-11.64
-11.00
-10.27
-9.64
-8.91
-8.27
-7.55
-6.91
-6.18
-5.55
-4.82
-4.18
-3.45
-2.82
-2.09
-1.45
-0.73
-0.09
0.55
1.27
1.91
2.55
3.27
3.91
4.55
5.18
5.82
6.55
7.18
7.82
8.45
9.09
9.73
10.45
11.09
11.73
12.45
13.09
13.82
14.45
15.09
15.73
16.36
17.00
17.64
18.27
18.82
19.45
20.09
20.73
21.36
22.00
22.64
23.18
23.82
24.45
25.00
25.64
26.18
26.82
27.36
27.91
28.55
29.09
29.64
30.18
30.82
31.36
31.91
32.45
33.00
33.55
34.09
34.64
35.18
35.64
36.18
36.64
37.18
37.64
38.18
38.64
39.18
39.64
40.09
40.55
41.00
41.55
42.00
42.45
42.91
43.36
43.82
44.36
44.82
45.27
45.73
46.18
46.55
47.00
47.45
47.82
48.27
48.64
49.00
49.45
49.82
50.18
50.55
50.91
51.27
51.64
52.00
52.27
52.64
53.00
53.27
53.64
53.91
54.27
54.55
54.82
55.09
55.36
55.64
55.91
56.18
56.45
56.73
57.00
57.18
57.45
57.64
57.91
58.09
58.36
58.55
58.73
58.91
59.09
59.27
59.45
59.64
59.82
59.91
60.09
60.27
60.36
60.45
60.64
60.73
60.82
61.00
61.09
61.18
61.27
61.36
61.36
61.45
61.55
61.55
61.64
61.73
61.73
61.73
61.82
61.82
61.82
61.82
61.82
61.82
61.82
61.82
61.73
61.73
61.73
61.64
61.64
61.55
61.45
61.45
61.36
61.27
61.18
61.18
61.09
61.00
60.91
60.82
60.73
60.64
60.55
60.36
60.18
60.09
59.91
59.73
59.55
59.36
59.18
59.00
58.82
58.64
58.45
58.27
58.00
57.82
57.55
57.36
57.09
56.91
56.64
56.36
56.09
55.82
55.55
55.27
55.00
54.73
54.45
54.18
53.82
53.55
53.18
52.91
52.55
52.27
51.91
51.55
51.18
50.82
50.55
50.18
49.82
49.36
49.00
48.64
48.27
47.82
47.45
47.09
46.64
46.27
45.82
45.36
45.00
44.55
44.09
43.64
43.18
42.73
42.27
41.82
41.36
40.91
40.45
39.91
39.45
39.00
38.45
38.00
37.45
37.00
36.45
36.00
35.45
34.91
34.36
33.91
33.36
32.82
32.27
31.73
31.18
30.64
30.09
29.55
29.00
28.36
27.82
27.27
26.64
26.09
25.55
24.91
24.36
23.82
23.18
22.64
22.00
21.45
20.82
20.27
19.64
19.00
18.45
17.82
17.18
16.64
16.00
15.36
14.73
14.18
13.55
12.91
12.27
11.73
11.09
10.45
9.82
9.18
8.55
8.00
7.36
6.73
6.09
5.45
4.82
4.18
3.55
2.91
2.27
1.73
1.09
0.45
-0.18
-0.82
-1.45
-2.09
-2.73
-3.36
-4.00
-4.64
-5.18
-5.82
-6.45
-7.09
-7.73
-8.36
-9.00
-9.55
-10.18
-10.82
-11.36
-12.00
-12.64
-13.27
-13.82
-14.45
-15.09
-15.64
-16.27
-16.82
-17.45
-18.00
-18.64
-19.18
-19.82
-20.36
-21.00
-21.55
-22.09
-22.64
-23.27
-23.82
-24.36
-24.91
-25.45
-26.00
-26.55
-27.09
-27.64
-28.18
-28.73
-29.27
-29.82
-30.27
-30.82
-31.36
-31.82
-32.36
-32.82
-33.36
-33.82
-34.36
-34.82
-35.27
-35.73
-36.27
-36.73
-37.18
-37.64
-38.00
-38.45
-38.91
-39.36
-39.73
-40.18
-40.64
-41.00
-41.45
-41.82
-42.27
-42.64
-43.00
-43.45
-43.82
-44.18
-44.55
-44.91
-45.36
-45.64
-46.00
-46.36
-46.73
-47.09
-47.36
-47.73
-48.09
-48.36
-48.64
-49.00
-49.27
-49.55
-49.82
-50.18
-50.45
-50.64
-50.91
-51.18
-51.45
-51.64
-51.91
-52.09
-52.36
-52.55
-52.73
-53.00
-53.18
-53.36
-53.55
-53.82
-54.00
-54.18
-54.36
-54.55
-54.73
-54.91
-55.09
-55.27
-55.36
-55.55
-55.73
-55.82
-56.00
-56.09
-56.27
-56.36
-56.45
-56.55
-56.73
-56.82
-56.91
-57.00
-57.09
-57.18
-57.27
-57.36
-57.45
-57.55
-57.55
-57.64
-57.64
-57.64
-57.73
-57.64
-57.64
-57.64
-57.64
-57.64
-57.55
-57.55
-57.55
-57.55
-57.45
-57.45
-57.36
-57.36
-57.27
-57.27
-57.18
-57.18
-57.09
-57.09
-57.00
-56.91
-56.91
-56.82
-56.73
-56.73
-56.64
-56.55
-56.45
-56.36
-56.27
-56.09
-56.00
-55.82
-55.64
-55.45
-55.18
-55.00
-54.82
-54.55
-54.36
-54.09
-53.91
-53.64
-53.36
-53.18
-52.91
-52.64
-52.36
-52.09
-51.91
-51.64
-51.36
-51.00
-50.73
-50.45
-50.18
-49.91
-49.55
-49.27
-48.91
-48.64
-48.27
-48.00
-47.64
-47.27
-46.91
-46.64
-46.27
-45.91
-45.55
-45.18
-44.82
-44.45
-44.00
-43.64
-43.27
-42.91
-42.45
-42.09
-41.64
-41.27
-40.82
-40.36
-40.00
-39.55
-39.09
-38.64
-38.27
-37.82
-37.36
-36.91
-36.45
-36.00
-35.55
-35.09
-34.64
-34.09
-33.64
-33.18
-32.64
-32.18
-31.64
-31.18
-30.64
-30.18
-29.64
-29.09
-28.64
-28.09
-27.64
-27.09
-26.55
-26.00
-25.45
-25.00
-24.45
-23.91
-23.36
-22.82
-22.27
-21.73
-21.18
-20.73
-20.18
-19.64
-19.09
-18.55
-18.00
-17.45
-16.82
-16.27
-15.73
-15.18
-14.64
-14.09
-13.55
-13.00
-12.36
-11.82
-11.27
-10.73
-10.18
-9.55
-9.00
-8.45
-7.82
-7.27
-6.73
-6.09
-5.55
-5.00
-4.36
-3.82
-3.27
-2.64
-2.09
-1.55
-0.91
-0.36
0.18
0.82
1.36
1.91
2.45
3.09
3.64
4.18
4.73
5.36
5.91
6.45
7.00
7.55
8.09
8.64
9.27
9.82
10.36
10.91
11.45
12.00
12.55
13.09
13.55
14.09
14.64
15.18
15.73
16.27
16.73
17.27
17.82
18.27
18.82
19.36
19.82
20.36
20.91
21.36
21.91
22.36
22.91
23.45
23.91
24.36
24.91
25.36
25.82
26.36
26.82
27.27
27.73
28.18
28.64
29.09
29.55
30.00
30.45
30.91
31.27
31.73
32.18
32.55
33.00
33.45
33.82
34.18
34.64
35.00
35.45
35.82
36.18
36.55
36.91
37.27
37.64
38.00
38.36
38.73
39.09
39.45
39.82
40.09
40.45
40.82
41.09
41.45
41.73
42.00
42.36
42.64
42.91
43.18
43.55
43.82
44.09
44.36
44.64
44.82
45.09
45.36
45.64
45.82
46.09
46.27
46.55
46.73
47.00
47.18
47.36
47.55
47.73
47.91
48.09
48.27
48.45
48.64
48.82
49.00
49.09
49.27
49.36
49.55
49.64
49.73
49.91
50.00
50.09
50.18
50.27
50.36
50.45
50.55
50.64
50.73
50.73
50.82
50.91
50.91
50.91
51.00
51.00
51.00
51.09
51.09
51.09
51.09
51.09
51.09
51.00
51.00
51.00
51.00
50.91
50.91
50.91
50.82
50.82
50.73
50.64
50.64
50.55
50.45
50.36
50.27
50.18
50.09
49.91
49.82
49.73
49.55
49.45
49.27
49.18
49.00
48.82
48.73
48.55
48.36
48.18
48.00
47.82
47.64
47.45
47.27
47.00
46.82
46.64
46.36
46.18
45.91
45.73
45.45
45.18
45.00
44.73
44.45
44.18
43.91
43.64
43.36
43.09
42.82
42.55
42.27
41.91
41.64
41.36
41.00
40.73
40.36
40.09
39.73
39.36
39.09
38.73
38.36
38.00
37.64
37.27
36.91
36.55
36.18
35.82
35.45
35.09
34.73
34.27
33.91
33.55
33.09
32.73
32.27
31.91
31.45
31.09
30.64
30.18
29.82
29.36
28.91
28.45
28.00
27.64
27.18
26.73
26.27
25.82
25.36
24.91
24.36
23.91
23.45
23.00
22.55
22.00
21.55
21.09
20.64
20.09
19.64
19.09
18.64
18.09
17.64
17.09
16.64
16.09
15.64
15.09
14.64
14.09
13.55
13.09
12.55
12.00
11.55
11.00
10.45
10.00
9.45
8.91
8.36
7.91
7.36
6.82
6.27
5.82
5.27
4.73
4.18
3.64
3.18
2.64
2.09
1.55
1.00
0.45
0.00
-0.55
-1.09
-1.64
-2.18
-2.64
-3.18
-3.73
-4.27
-4.82
-5.27
-5.82
-6.36
-6.91
-7.36
-7.91
-8.45
-9.00
-9.45
-10.00
-10.55
-11.00
-11.55
-12.00
-12.55
-13.09
-13.55
-14.09
-14.55
-15.09
-15.55
-16.09
-16.55
-17.00
-17.55
-18.00
-18.45
-19.00
-19.45
-19.91
-20.36
-20.91
-21.36
-21.82
-22.27
-22.73
-23.18
-23.64
-24.09
-24.55
-25.00
-25.45
-25.82
-26.27
-26.73
-27.18
-27.55
-28.00
-28.36
-28.82
-29.18
-29.64
-30.00
-30.45
-30.82
-31.18
-31.55
-31.91
-32.36
-32.73
-33.09
-33.36
-33.73
-34.09
-34.45
-34.82
-35.09
-35.45
-35.82
-36.09
-36.45
-36.73
-37.00
-37.36
-37.64
-37.91
-38.18
-38.45
-38.73
-39.00
-39.27
-39.55
-39.82
-40.09
-40.36
-40.55
-40.82
-41.09
-41.27
-41.55
-41.73
-42.00
-42.18
-42.45
-42.64
-42.82
-43.00
-43.27
-43.45
-43.64
-43.82
-44.00
-44.18
-44.36
-44.55
-44.73
-44.91
-45.09
-45.18
-45.36
-45.55
-45.64
-45.82
-45.91
-46.09
-46.18
-46.27
-46.36
-46.55
-46.64
-46.73
-46.82
-46.91
-47.00
-47.00
-47.09
-47.18
-47.27
-47.27
-47.36
-47.36
-47.45
-47.45
-47.55
-47.55
-47.55
-47.55
-47.55
-47.55
-47.55
-47.55
-47.55
-47.55
-47.55
-47.55
-47.55
-47.55
-47.55
-47.55
-47.45
-47.45
-47.45
-47.45
-47.45
-47.45
-47.45
-47.36
-47.36
-47.36
-47.27
-47.27
-47.18
-47.18
-47.18
-47.09
-47.00
-46.91
-46.73
-46.55
-46.36
-46.18
-46.00
-45.82
-45.64
-45.45
-45.27
-45.09
-44.91
-44.73
-44.55
-44.36
-44.18
-44.00
-43.82
-43.55
-43.36
-43.09
-42.82
-42.64
-42.36
-42.09
-41.91
-41.64
-41.36
-41.09
-40.82
-40.55
-40.27
-40.00
-39.73
-39.45
-39.18
-38.91
-38.55
-38.27
-38.00
-37.64
-37.36
-37.00
-36.73
-36.36
-36.00
-35.73
-35.36
-35.00
-34.73
-34.36
-34.00
-33.64
-33.27
-32.91
-32.55
-32.18
-31.82
-31.45
-31.09
-30.64
-30.27
-29.91
-29.45
-29.09
-28.73
-28.27
-27.91
-27.45
-27.09
-26.64
-26.27
-25.82
-25.36
-25.00
-24.55
-24.18
-23.73
-23.27
-22.82
-22.45
-22.00
-21.55
-21.09
-20.64
-20.27
-19.82
-19.36
-18.91
-18.45
-18.00
-17.55
-17.09
-16.64
-16.18
-15.64
-15.18
-14.73
-14.27
-13.82
-13.36
-12.82
-12.36
-11.91
-11.45
-11.00
-10.45
-10.00
-9.55
-9.09
-8.55
-8.09
-7.64
-7.09
-6.64
-6.18
-5.73
-5.18
-4.73
-4.27
-3.73
-3.27
-2.82
-2.27
-1.82
-1.36
-0.82
-0.36
0.09
0.55
1.09
1.55
2.00
2.45
3.00
3.45
3.91
4.36
4.82
5.36
5.82
6.27
6.73
7.18
7.64
8.09
8.55
9.00
9.45
9.91
10.36
10.82
11.27
11.73
12.18
12.64
13.09
13.55
14.00
14.36
14.82
15.27
15.73
16.18
16.64
17.00
17.45
17.91
18.27
18.73
19.09
19.55
19.91
20.36
20.73
21.18
21.55
21.91
22.36
22.73
23.09
23.45
23.91
24.27
24.64
25.00
25.36
25.73
26.09
26.45
26.82
27.09
27.45
27.82
28.18
28.55
28.82
29.18
29.45
29.82
30.09
30.45
30.73
31.09
31.36
31.64
32.00
32.27
32.55
32.82
33.09
33.36
33.64
33.91
34.18
34.45
34.73
35.00
35.18
35.45
35.73
35.91
36.18
36.36
36.64
36.82
37.09
37.27
37.45
37.64
37.91
38.09
38.27
38.45
38.64
38.82
39.00
39.18
39.27
39.45
39.64
39.73
39.91
40.00
40.18
40.27
40.45
40.55
40.64
40.73
40.91
41.00
41.09
41.18
41.27
41.36
41.36
41.45
41.55
41.64
41.64
41.73
41.73
41.82
41.82
41.91
41.91
41.91
41.91
41.91
42.00
42.00
42.00
42.00
42.00
41.91
41.91
41.91
41.91
41.91
41.82
41.82
41.82
41.82
41.73
41.73
41.73
41.64
41.55
41.55
41.45
41.36
41.27
41.18
41.09
41.00
40.82
40.73
40.64
40.45
40.36
40.18
40.09
39.91
39.82
39.64
39.45
39.27
39.18
39.00
38.82
38.64
38.45
38.27
38.09
37.91
37.64
37.45
37.27
37.09
36.82
36.64
36.36
36.18
35.91
35.73
35.45
35.18
35.00
34.73
34.45
34.18
34.00
33.73
33.45
33.18
32.91
32.64
32.27
32.00
31.73
31.45
31.18
30.82
30.55
30.27
29.91
29.64
29.27
29.00
28.64
28.36
28.00
27.64
27.36
27.00
26.64
26.27
25.91
25.64
25.27
24.91
24.55
24.18
23.82
23.45
23.09
22.73
22.36
21.91
21.55
21.18
20.82
20.45
20.00
19.64
19.27
18.82
18.45
18.09
17.64
17.27
16.82
16.45
16.00
15.64
15.18
14.82
14.36
13.91
13.55
13.09
12.64
12.27
11.82
11.36
11.00
10.55
10.09
9.73
9.27
8.82
8.36
8.00
7.55
7.09
6.64
6.18
5.82
5.36
4.91
4.45
4.00
3.55
3.18
2.73
2.27
1.82
1.36
0.91
0.45
0.00
-0.36
-0.82
-1.27
-1.73
-2.18
-2.64
-3.00
-3.45
-3.91
-4.36
-4.82
-5.18
-5.64
-6.09
-6.55
-7.00
-7.36
-7.82
-8.27
-8.64
-9.09
-9.55
-9.91
-10.36
-10.82
-11.18
-11.64
-12.09
-12.45
-12.91
-13.27
-13.73
-14.09
-14.55
-14.91
-15.36
-15.73
-16.09
-16.55
-16.91
-17.27
-17.73
-18.09
-18.45
-18.82
-19.27
-19.64
-20.00
-20.36
-20.73
-21.09
-21.45
-21.82
-22.18
-22.55
-22.91
-23.27
-23.64
-23.91
-24.27
-24.64
-25.00
-25.27
-25.64
-25.91
-26.27
-26.55
-26.91
-27.18
-27.55
-27.82
-28.09
-28.36
-28.73
-29.00
-29.27
-29.55
-29.82
-30.09
-30.36
-30.64
-30.91
-31.09
-31.36
-31.64
-31.91
-32.09
-32.36
-32.64
-32.82
-33.00
-33.27
-33.45
-33.73
-33.91
-34.09
-34.27
-34.45
-34.64
-34.91
-35.09
-35.27
-35.45
-35.64
-35.82
-36.00
-36.09
-36.27
-36.45
-36.64
-36.73
-36.91
-37.00
-37.18
-37.27
-37.45
-37.55
-37.73
-37.82
-37.91
-38.09
-38.18
-38.27
-38.36
-38.45
-38.55
-38.64
-38.73
-38.82
-38.91
-39.00
-39.00
-39.09
-39.18
-39.18
-39.27
-39.27
-39.36
-39.36
-39.36
-39.45
-39.45
-39.45
-39.45
-39.45
-39.45
-39.45
-39.45
-39.45
-39.45
-39.45
-39.45
-39.45
-39.45
-39.45
-39.45
-39.45
-39.45
-39.45
-39.45
-39.45
-39.45
-39.45
-39.45
-39.36
-39.36
-39.36
-39.36
-39.36
-39.27
-39.27
-39.18
-39.09
-38.91
-38.82
-38.64
-38.45
-38.36
-38.18
-38.00
-37.82
-37.73
-37.55
-37.45
-37.27
-37.09
-36.91
-36.73
-36.55
-36.36
-36.18
-36.00
-35.82
-35.64
-35.45
-35.18
-35.00
-34.82
-34.55
-34.36
-34.18
-33.91
-33.73
-33.45
-33.27
-33.00
-32.82
-32.55
-32.27
-32.09
-31.82
-31.55
-31.27
-31.00
-30.82
-30.55
-30.27
-29.91
-29.64
-29.36
-29.09
-28.82
-28.55
-28.27
-27.91
-27.64
-27.36
-27.00
-26.73
-26.45
-26.09
-25.82
-25.45
-25.09
-24.82
-24.45
-24.18
-23.82
-23.45
-23.18
-22.82
-22.45
-22.09
-21.82
-21.45
-21.09
-20.73
-20.36
-20.00
-19.64
-19.27
-18.91
-18.55
-18.18
-17.82
-17.45
-17.09
-16.73
-16.36
-16.00
-15.64
-15.27
-14.82
-14.45
-14.09
-13.73
-13.27
-12.91
-12.55
-12.09
-11.73
-11.36
-11.00
-10.55
-10.18
-9.82
-9.36
-9.00
-8.64
-8.18
-7.82
-7.45
-7.00
-6.64
-6.27
-5.82
-5.45
-5.00
-4.64
-4.27
-3.82
-3.45
-3.00
-2.64
-2.18
-1.82
-1.45
-1.00
-0.64
-0.18
0.18
0.55
1.00
1.36
1.82
2.18
2.55
3.00
3.36
3.73
4.18
4.55
4.91
5.36
5.73
6.09
6.45
6.91
7.27
7.64
8.00
8.45
8.82
9.18
9.55
9.91
10.27
10.64
11.00
11.45
11.82
12.18
12.55
12.91
13.27
13.64
13.91
14.27
14.64
15.00
15.36
15.73
16.00
16.36
16.73
17.09
17.36
17.73
18.09
18.36
18.73
19.00
19.36
19.64
20.00
20.27
20.64
20.91
21.18
21.45
21.82
22.09
22.36
22.64
22.91
23.27
23.55
23.82
24.09
24.36
24.55
24.82
25.09
25.36
25.64
25.91
26.09
26.36
26.64
26.82
27.09
27.27
27.55
27.73
28.00
28.18
28.36
28.55
28.82
29.00
29.18
29.36
29.55
29.73
29.91
30.09
30.27
30.45
30.64
30.73
30.91
31.09
31.18
31.36
31.55
31.64
31.82
31.91
32.09
32.18
32.27
32.45
32.55
32.64
32.73
32.82
33.00
33.09
33.18
33.27
33.36
33.45
33.45
33.55
33.64
33.73
33.82
33.82
33.91
33.91
34.00
34.00
34.09
34.09
34.09
34.09
34.18
34.18
34.18
34.18
34.18
34.18
34.18
34.18
34.18
34.18
34.09
34.09
34.09
34.09
34.00
34.00
33.91
33.91
33.91
33.82
33.82
33.82
33.73
33.73
33.64
33.64
33.55
33.55
33.45
33.36
33.27
33.18
33.09
33.00
32.91
32.82
32.64
32.55
32.36
32.27
32.09
31.91
31.82
31.64
31.55
31.36
31.18
31.00
30.91
30.73
30.55
30.36
30.18
30.00
29.82
29.64
29.45
29.27
29.09
28.82
28.64
28.45
28.27
28.00
27.82
27.55
27.36
27.18
26.91
26.73
26.45
26.27
26.00
25.73
25.55
25.27
25.00
24.82
24.55
24.27
24.00
23.73
23.45
23.18
22.91
22.64
22.36
22.09
21.82
21.55
21.27
21.00
20.64
20.36
20.09
19.82
19.45
19.18
18.91
18.55
18.27
18.00
17.64
17.36
17.00
16.73
16.36
16.09
15.73
15.45
15.09
14.73
14.45
14.09
13.73
13.45
13.09
12.73
12.45
12.09
11.73
11.36
11.00
10.73
10.36
10.00
9.64
9.27
8.91
8.64
8.27
7.91
7.55
7.18
6.82
6.45
6.09
5.73
5.36
5.00
4.64
4.27
3.91
3.55
3.18
2.82
2.45
2.09
1.82
1.45
1.09
0.73
0.36
0.00
-0.36
-0.73
-1.09
-1.45
-1.82
-2.18
-2.55
-2.91
-3.27
-3.64
-4.00
-4.36
-4.73
-5.09
-5.45
-5.82
-6.18
-6.55
-6.82
-7.18
-7.55
-7.91
-8.27
-8.64
-8.91
