trigger_start_deg, sample_rate, duration_sec
90, 1000, 5 
-90.36
-90.64
-90.91
-91.18
-91.36
-91.64
-91.91
-92.18
-92.36
-92.64
-92.91
-93.18
-93.45
-93.64
-93.91
-94.18
-94.45
-94.73
-94.91
-95.18
-95.45
-95.73
-96.00
-96.27
-96.55
-96.73
-97.00
-97.27
-97.55
-97.82
-98.09
-98.36
-98.55
-98.82
-99.09
-99.36
-99.64
-99.91
-100.18
-100.45
-100.73
-101.00
-101.27
-101.55
-101.82
-102.09
-102.36
-102.64
-102.91
-103.18
-103.45
-103.73
-104.00
-104.27
-104.55
-104.82
-105.09
-105.36
-105.64
-105.91
-106.18
-106.45
-106.73
-107.00
-107.27
-107.55
-107.82
-108.00
-108.27
-108.55
-108.82
-109.09
-109.36
-109.55
-109.82
-110.09
-110.36
-110.64
-110.91
-111.18
-111.45
-111.73
-112.00
-112.27
-112.55
-112.82
-113.09
-113.36
-113.64
-113.91
-114.18
-114.45
-114.73
-115.00
-115.18
-115.45
-115.73
-116.00
-116.27
-116.45
-116.73
-117.00
-117.18
-117.45
-117.73
-117.91
-118.18
-118.36
-118.64
-118.91
-119.09
-119.36
-119.55
-119.82
-120.00
-120.27
-120.45
-120.73
-120.91
-121.18
-121.36
-121.64
-121.82
-122.09
-122.27
-122.45
-122.73
-122.91
-123.09
-123.36
-123.55
-123.73
-123.91
-124.09
-124.27
-124.45
-124.73
-124.91
-125.09
-125.27
-125.45
-125.64
-125.82
-126.00
-126.18
-126.36
-126.55
-126.73
-126.91
-127.09
-127.27
-127.45
-127.64
-127.82
-128.00
-128.18
-128.36
-128.45
-128.64
-128.82
-129.00
-129.09
-129.27
-129.45
-129.64
-129.73
-129.91
-130.09
-130.18
-130.36
-130.55
-130.64
-130.82
-131.00
-131.09
-131.27
-131.36
-131.55
-131.64
-131.82
-131.91
-132.09
-132.18
-132.36
-132.45
-132.64
-132.73
-132.82
-133.00
-133.09
-133.18
-133.27
-133.45
-133.55
-133.64
-133.73
-133.82
-133.91
-134.09
-134.18
-134.27
-134.36
-134.45
-134.55
-134.55
-134.64
-134.73
-134.82
-134.91
-134.91
-135.00
-135.09
-135.18
-135.18
-135.27
-135.27
-135.36
-135.36
-135.45
-135.45
-135.45
-135.55
-135.55
-135.64
-135.64
-135.64
-135.64
-135.73
-135.73
-135.73
-135.73
-135.73
-135.82
-135.82
-135.82
-135.82
-135.82
-135.82
-135.82
-135.82
-135.82
-135.82
-135.82
-135.82
-135.82
-135.82
-135.82
-135.82
-135.82
-135.73
-135.73
-135.73
-135.73
-135.73
-135.64
-135.64
-135.64
-135.55
-135.55
-135.55
-135.45
-135.45
-135.36
-135.36
-135.27
-135.27
-135.18
-135.18
-135.09
-135.00
-134.91
-134.91
-134.82
-134.73
-134.64
-134.55
-134.45
-134.36
-134.27
-134.18
-134.09
-134.00
-133.82
-133.73
-133.64
-133.55
-133.36
-133.27
-133.18
-133.00
-132.91
-132.73
-132.64
-132.45
-132.36
-132.18
-132.09
-131.91
-131.73
-131.64
-131.45
-131.36
-131.18
-131.00
-130.91
-130.73
-130.64
-130.45
-130.36
-130.18
-130.09
-129.91
-129.82
-129.64
-129.45
-129.27
-129.09
-129.00
-128.82
-128.64
-128.45
-128.36
-128.18
-128.00
-127.82
-127.73
-127.55
-127.36
-127.18
-127.00
-126.91
-126.73
-126.55
-126.36
-126.18
-126.00
-125.82
-125.64
-125.45
-125.27
-125.09
-124.91
-124.73
-124.55
-124.36
-124.09
-123.91
-123.73
-123.55
-123.36
-123.09
-122.91
-122.64
-122.45
-122.18
-122.00
-121.73
-121.55
-121.27
-121.09
-120.82
-120.64
-120.36
-120.09
-119.91
-119.64
-119.36
-119.09
-118.82
-118.55
-118.27
-118.00
-117.73
-117.36
-117.09
-116.73
-116.45
-116.09
-115.82
-115.45
-115.18
-114.82
-114.45
-114.09
-113.73
-113.36
-113.00
-112.64
-112.27
-111.91
-111.55
-111.09
-110.73
-110.27
-109.91
-109.45
-109.09
-108.64
-108.18
-107.82
-107.36
-106.91
-106.45
-106.00
-105.55
-105.09
-104.64
-104.18
-103.73
-103.27
-102.73
-102.27
-101.82
-101.27
-100.82
-100.27
-99.82
-99.36
-98.82
-98.36
-97.82
-97.27
-96.73
-96.27
-95.73
-95.18
-94.64
-94.09
-93.55
-93.00
-92.45
-91.91
-91.27
-90.73
-90.18
-89.64
-89.00
-88.45
-87.91
-87.27
-86.73
-86.09
-85.45
-84.82
-84.27
-83.64
-83.00
-82.36
-81.64
-81.00
-80.36
-79.64
-79.00
-78.27
-77.64
-76.91
-76.27
-75.64
-75.00
-74.27
-73.64
-73.00
-72.36
-71.64
-70.91
-70.18
-69.45
-68.73
-68.00
-67.27
-66.55
-65.82
-65.00
-64.27
-63.55
-62.73
-61.91
-61.18
-60.36
-59.55
-58.73
-57.91
-57.09
-56.27
-55.45
-54.64
-53.82
-53.00
-52.18
-51.27
-50.45
-49.64
-48.73
-47.91
-47.00
-46.18
-45.27
-44.36
-43.55
-42.64
-41.73
-40.82
-39.91
-39.00
-38.09
-37.27
-36.27
-35.36
-34.45
-33.55
-32.64
-31.73
-30.82
-29.82
-28.91
-28.00
-27.09
-26.09
-25.18
-24.18
-23.27
-22.27
-21.36
-20.36
-19.45
-18.45
-17.45
-16.55
-15.55
-14.55
-13.64
-12.64
-11.64
-10.64
-9.73
-8.73
-7.73
-6.73
-5.73
-4.82
-3.82
-2.82
-1.82
-0.91
0.09
1.09
2.09
3.00
4.00
5.00
5.91
6.91
7.91
8.82
9.82
10.82
11.73
12.73
13.64
14.64
15.55
16.55
17.45
18.45
19.36
20.36
21.27
22.18
23.18
24.09
25.00
25.91
26.91
27.82
28.73
29.64
30.55
31.45
32.36
33.27
34.18
35.00
35.91
36.82
37.73
38.55
39.45
40.36
41.18
42.00
42.91
43.73
44.55
45.36
46.18
47.00
47.82
48.73
49.45
50.27
51.09
51.82
52.64
53.36
54.18
54.91
55.73
56.45
57.18
57.91
58.64
59.36
60.09
60.82
61.55
62.27
63.00
63.73
64.36
65.09
65.82
66.45
67.18
67.82
68.45
69.18
69.82
70.45
71.09
71.73
72.27
72.91
73.55
74.09
74.73
75.27
75.91
76.45
77.00
77.55
78.09
78.64
79.18
79.73
80.18
80.73
81.18
81.73
82.18
82.73
83.18
83.64
84.09
84.55
85.00
85.45
85.91
86.27
86.73
87.09
87.55
87.91
88.27
88.64
89.00
89.36
89.73
90.09
90.45
90.73
91.09
91.36
91.73
92.00
92.36
92.64
92.91
93.18
93.45
93.73
94.00
94.18
94.45
94.73
94.91
95.18
95.36
95.55
95.73
95.91
96.09
96.27
96.45
96.64
96.73
96.91
97.09
97.18
97.27
97.36
97.55
97.64
97.73
97.73
97.82
97.91
97.91
98.00
98.00
98.09
98.09
98.18
98.18
98.18
98.27
98.27
98.36
98.36
98.36
98.45
98.45
98.45
98.45
98.45
98.45
98.36
98.36
98.36
98.27
98.27
98.18
98.18
98.09
98.09
98.00
97.91
97.91
97.82
97.73
97.64
97.64
97.55
97.45
97.27
97.09
96.91
96.73
96.45
96.18
96.00
95.73
95.55
95.27
95.00
94.73
94.45
94.18
93.91
93.64
93.36
93.09
92.73
92.45
92.18
91.82
91.45
91.18
90.82
90.45
90.09
89.73
89.36
89.00
88.64
88.18
87.82
87.45
87.00
86.55
86.18
85.73
85.27
84.82
84.36
83.91
83.45
83.00
82.55
82.00
81.55
81.00
80.55
80.00
79.55
79.00
78.45
77.91
77.36
76.82
76.27
75.73
75.09
74.55
74.00
73.36
72.82
72.18
71.64
71.00
70.36
69.73
69.09
68.45
67.82
67.18
66.55
65.82
65.18
64.55
63.82
63.18
62.45
61.82
61.09
60.36
59.64
58.91
58.18
57.45
56.73
56.00
55.18
54.45
53.73
52.91
52.18
51.36
50.64
49.82
49.00
48.27
47.45
46.64
45.82
45.00
44.18
43.36
42.55
41.73
40.91
40.09
39.18
38.36
37.55
36.64
35.82
35.00
34.09
33.27
32.36
31.55
30.64
29.82
28.91
28.00
27.18
26.27
25.36
24.45
23.64
22.73
21.82
20.91
20.00
19.09
18.18
17.27
16.36
15.45
14.55
13.64
12.73
11.82
10.91
10.00
9.09
8.18
7.27
6.36
5.45
4.55
3.64
2.73
1.82
0.91
0.00
-1.00
-1.82
-2.82
-3.73
-4.64
-5.55
-6.45
-7.36
-8.27
-9.18
-10.09
-11.00
-11.91
-12.73
-13.73
-14.55
-15.45
-16.36
-17.27
-18.18
-19.09
-19.91
-20.82
-21.73
-22.55
-23.45
-24.27
-25.18
-26.09
-26.91
-27.82
-28.64
-29.55
-30.36
-31.18
-32.09
-32.91
-33.73
-34.55
-35.36
-36.18
-37.00
-37.82
-38.64
-39.45
-40.27
-41.00
-41.82
-42.64
-43.36
-44.18
-44.91
-45.73
-46.45
-47.18
-47.91
-48.64
-49.36
-50.09
-50.82
-51.55
-52.27
-52.91
-53.64
-54.27
-54.91
-55.55
-56.18
-56.82
-57.45
-58.09
-58.73
-59.27
-59.91
-60.45
-61.00
-61.64
-62.09
-62.64
-63.18
-63.73
-64.27
-64.82
-65.36
-66.00
-66.55
-67.09
-67.73
-68.27
-68.91
-69.45
-70.00
-70.55
-71.09
-71.64
-72.18
-72.64
-73.18
-73.64
-74.09
-74.55
-75.00
-75.45
-75.91
-76.36
-76.82
-77.18
-77.64
-78.09
-78.45
-78.82
-79.27
-79.64
-80.00
-80.36
-80.73
-81.09
-81.45
-81.73
-82.09
-82.45
-82.73
-83.00
-83.36
-83.64
-83.91
-84.18
-84.45
-84.73
-85.00
-85.27
-85.55
-85.73
-86.00
-86.18
-86.45
-86.64
-86.82
-87.09
-87.27
-87.45
-87.64
-87.73
-87.91
-88.09
-88.27
-88.36
-88.55
-88.64
-88.73
-88.91
-89.00
-89.09
-89.18
-89.36
-89.45
-89.55
-89.64
-89.64
-89.73
-89.82
-89.82
-89.82
-89.91
-89.91
-89.91
-89.91
-89.91
-89.91
-89.91
-89.91
-89.91
-89.91
-89.91
-89.91
-89.82
-89.82
-89.82
-89.82
-89.73
-89.73
-89.64
-89.64
-89.55
-89.45
-89.36
-89.27
-89.18
-89.09
-88.91
-88.82
-88.73
-88.55
-88.45
-88.27
-88.09
-87.91
-87.82
-87.64
-87.36
-87.18
-87.00
-86.73
-86.55
-86.27
-86.09
-85.82
-85.55
-85.27
-85.00
-84.73
-84.45
-84.18
-83.82
-83.45
-83.18
-82.82
-82.45
-82.09
-81.73
-81.36
-81.00
-80.55
-80.18
-79.73
-79.36
-78.91
-78.45
-78.09
-77.64
-77.09
-76.64
-76.18
-75.64
-75.18
-74.64
-74.09
-73.55
-73.00
-72.45
-71.91
-71.36
-70.82
-70.27
-69.73
-69.09
-68.64
-68.09
-67.55
-67.00
-66.45
-66.00
-65.36
-64.82
-64.27
-63.64
-63.09
-62.45
-61.73
-61.09
-60.55
-59.91
-59.27
-58.64
-58.00
-57.36
-56.64
-56.00
-55.36
-54.73
-54.00
-53.36
-52.64
-51.91
-51.27
-50.55
-49.82
-49.09
-48.45
-47.73
-47.00
-46.27
-45.55
-44.73
-44.00
-43.27
-42.55
-41.73
-41.00
-40.27
-39.45
-38.73
-37.91
-37.09
-36.36
-35.55
-34.73
-34.00
-33.18
-32.36
-31.55
-30.73
-29.91
-29.09
-28.27
-27.45
-26.64
-25.82
-25.00
-24.18
-23.36
-22.45
-21.64
-20.82
-20.00
-19.09
-18.27
-17.45
-16.55
-15.73
-14.91
-14.00
-13.18
-12.36
-11.45
-10.64
-9.73
-8.91
-8.00
-7.18
-6.36
-5.45
-4.64
-3.73
-2.91
-2.00
-1.18
-0.27
0.55
1.45
2.27
3.18
4.00
4.82
5.73
6.55
7.45
8.27
9.18
10.00
10.82
11.73
12.55
13.36
14.18
15.09
15.91
16.73
17.55
18.36
19.27
20.09
20.91
21.73
22.55
23.36
24.18
25.00
25.82
26.55
27.36
28.18
29.00
29.73
30.55
31.36
32.09
32.91
33.64
34.45
35.18
35.91
36.73
37.45
38.18
38.91
39.73
40.45
41.18
41.91
42.64
43.27
44.00
44.73
45.45
46.09
46.82
47.45
48.09
48.82
49.45
50.09
50.73
51.36
52.00
52.64
53.27
53.82
54.45
55.09
55.73
56.36
57.00
57.55
58.18
58.82
59.36
60.00
60.55
61.18
61.73
62.27
62.82
63.36
63.91
64.45
65.00
65.45
66.00
66.45
67.00
67.45
67.91
68.36
68.91
69.36
69.82
70.18
70.64
71.09
71.45
71.91
72.36
72.73
73.09
73.55
73.91
74.27
74.64
75.00
75.36
75.73
76.09
76.36
76.73
77.00
77.36
77.64
77.91
78.27
78.55
78.82
79.09
79.36
79.64
79.82
80.09
80.36
80.55
80.82
81.00
81.27
81.45
81.64
81.82
82.00
82.18
82.36
82.55
82.64
82.82
82.91
83.09
83.18
83.27
83.45
83.55
83.64
83.73
83.82
83.91
83.91
84.00
84.09
84.09
84.18
84.18
84.18
84.18
84.18
84.18
84.18
84.18
84.18
84.18
84.18
84.09
84.09
84.09
84.00
84.00
83.91
83.82
83.82
83.73
83.64
83.55
83.55
83.45
83.36
83.27
83.18
83.09
83.00
82.91
82.82
82.73
82.55
82.45
82.36
82.18
82.09
81.91
81.82
81.64
81.45
81.36
81.18
81.00
80.82
80.64
80.45
80.27
80.00
79.73
79.45
79.18
78.91
78.55
78.18
77.91
77.55
77.18
76.82
76.36
76.00
75.64
75.18
74.82
74.36
73.91
73.55
73.09
72.64
72.18
71.73
71.27
70.82
70.27
69.82
69.27
68.82
68.27
67.73
67.18
66.64
66.09
65.55
65.00
64.36
63.82
63.18
62.55
61.91
61.18
60.55
59.91
59.27
58.64
58.09
57.55
57.00
56.36
55.82
55.18
54.55
54.00
53.36
52.73
52.09
51.45
50.82
50.18
49.55
48.91
48.18
47.55
46.91
46.18
45.55
44.91
44.18
43.45
42.82
42.09
41.45
40.73
40.00
39.27
38.55
37.82
37.09
36.36
35.64
34.91
34.18
33.45
32.64
31.91
31.18
30.36
29.64
28.91
28.09
27.36
26.55
25.82
25.00
24.27
23.45
22.64
21.91
21.09
20.27
19.55
18.73
17.91
17.09
16.36
15.55
14.73
13.91
13.09
12.36
11.55
10.73
9.91
9.09
8.27
7.45
6.64
5.91
5.09
4.27
3.45
2.64
1.82
1.00
0.18
-0.64
-1.45
-2.27
-3.09
-3.82
-4.64
-5.45
-6.27
-7.09
-7.91
-8.73
-9.45
-10.27
-11.09
-11.91
-12.64
-13.45
-14.27
-15.00
-15.82
-16.64
-17.36
-18.18
-18.91
-19.73
-20.45
-21.27
-22.00
-22.82
-23.55
-24.27
-25.09
-25.82
-26.55
-27.27
-28.00
-28.82
-29.55
-30.27
-31.00
-31.73
-32.45
-33.09
-33.82
-34.55
-35.27
-36.00
-36.64
-37.36
-38.00
-38.73
-39.36
-40.09
-40.73
-41.45
-42.09
-42.73
-43.36
-44.00
-44.64
-45.27
-45.82
-46.45
-47.00
-47.64
-48.18
-48.73
-49.36
-49.82
-50.36
-50.91
-51.45
-52.00
-52.45
-53.00
-53.45
-53.91
-54.36
-54.82
-55.27
-55.73
-56.18
-56.64
-57.09
-57.55
-58.09
-58.55
-59.09
-59.55
-60.09
-60.55
-61.09
-61.55
-62.09
-62.55
-63.00
-63.45
-63.91
-64.36
-64.73
-65.09
-65.55
-65.91
-66.27
-66.64
-67.00
-67.36
-67.73
-68.09
-68.45
-68.73
-69.09
-69.36
-69.73
-70.00
-70.36
-70.64
-70.91
-71.18
-71.45
-71.73
-72.09
-72.36
-72.64
-72.91
-73.09
-73.36
-73.64
-73.91
-74.09
-74.36
-74.55
-74.82
-75.00
-75.18
-75.45
-75.64
-75.82
-76.00
-76.18
-76.36
-76.55
-76.64
-76.73
-76.82
-76.91
-77.00
-77.09
-77.09
-77.18
-77.27
-77.27
-77.36
-77.36
-77.45
-77.45
-77.45
-77.45
-77.45
-77.45
-77.45
-77.45
-77.45
-77.36
-77.36
-77.27
-77.27
-77.18
-77.18
-77.09
-77.00
-77.00
-76.91
-76.82
-76.73
-76.64
-76.55
-76.45
-76.36
-76.27
-76.09
-76.00
-75.82
-75.73
-75.55
-75.36
-75.27
-75.09
-74.91
-74.73
-74.55
-74.36
-74.18
-73.91
-73.73
-73.45
-73.18
-72.91
-72.64
-72.36
-72.09
-71.82
-71.45
-71.18
-70.91
-70.64
-70.27
-70.00
-69.64
-69.36
-69.00
-68.64
-68.27
-67.91
-67.55
-67.18
-66.82
-66.45
-66.00
-65.64
-65.27
-64.82
-64.36
-64.00
-63.55
-63.09
-62.73
-62.27
-61.82
-61.36
-60.91
-60.45
-60.00
-59.45
-59.00
-58.55
-58.00
-57.55
-57.00
-56.45
-56.00
-55.45
-54.91
-54.36
-53.82
-53.27
-52.73
-52.18
-51.64
-51.09
-50.45
-49.91
-49.36
-48.73
-48.18
-47.55
-47.00
-46.36
-45.73
-45.09
-44.55
-43.91
-43.27
-42.64
-42.00
-41.36
-40.73
-40.09
-39.45
-38.82
-38.09
-37.45
-36.82
-36.09
-35.45
-34.73
-34.09
-33.36
-32.73
-32.00
-31.27
-30.64
-29.91
-29.18
-28.45
-27.82
-27.09
-26.36
-25.64
-24.91
-24.18
-23.45
-22.73
-22.00
-21.27
-20.55
-19.82
-19.00
-18.27
-17.55
-16.82
-16.09
-15.27
-14.55
-13.82
-13.09
-12.27
-11.55
-10.82
-10.09
-9.27
-8.55
-7.82
-7.00
-6.27
-5.55
-4.73
-4.00
-3.18
-2.45
-1.73
-0.91
-0.18
0.55
1.36
2.09
2.82
3.64
4.36
5.09
5.91
6.64
7.36
8.09
8.91
9.64
10.36
11.09
11.91
12.64
13.36
14.09
14.82
15.55
16.36
17.09
17.82
18.55
19.18
19.91
20.64
21.36
22.09
22.82
23.55
24.27
24.91
25.64
26.36
27.00
27.73
28.36
29.09
29.82
30.45
31.09
31.82
32.45
33.09
33.82
34.45
35.09
35.73
36.36
37.00
37.64
38.27
38.91
39.55
40.18
40.73
41.36
42.00
42.55
43.18
43.73
44.36
44.91
45.45
46.00
46.55
47.09
47.64
48.18
48.73
49.18
49.73
50.18
50.73
51.18
51.64
52.18
52.64
53.18
53.64
54.18
54.64
55.18
55.64
56.09
56.64
57.09
57.55
58.00
58.36
58.82
59.27
59.64
60.09
60.45
60.82
61.27
61.64
62.00
62.36
62.73
63.09
63.45
63.73
64.09
64.45
64.73
65.09
65.36
65.64
66.00
66.27
66.55
66.82
67.09
67.36
67.64
67.82
68.09
68.36
68.55
68.82
69.00
69.18
69.45
69.64
69.82
70.00
70.18
70.36
70.55
70.73
70.82
71.00
71.18
71.27
71.45
71.55
71.64
71.82
71.91
72.00
72.09
72.18
72.27
72.36
72.36
72.45
72.45
72.55
72.55
72.55
72.55
72.55
72.55
72.55
72.55
72.55
72.55
72.55
72.45
72.45
72.36
72.36
72.27
72.18
72.09
72.00
71.91
71.82
71.73
71.64
71.55
71.36
71.27
71.18
71.00
70.91
70.73
70.55
70.36
70.27
70.09
69.91
69.73
69.55
69.27
69.09
68.91
68.64
68.45
68.18
68.00
67.73
67.45
67.27
67.00
66.73
66.45
66.18
65.82
65.55
65.27
64.91
64.64
64.27
64.00
63.64
63.27
62.91
62.55
62.18
61.82
61.45
61.09
60.73
60.36
59.91
59.55
59.09
58.73
58.27
57.91
57.45
57.00
56.55
56.09
55.64
55.18
54.73
54.27
53.82
53.36
52.82
52.36
51.91
51.36
50.91
50.36
49.82
49.27
48.82
48.27
47.73
47.18
46.64
46.09
45.55
45.00
44.45
43.91
43.27
42.73
42.18
41.55
41.00
40.36
39.73
39.18
38.55
37.91
37.36
36.73
36.09
35.45
34.91
34.27
33.64
33.00
32.36
31.64
31.00
30.36
29.73
29.09
28.45
27.73
27.09
26.36
25.73
25.09
24.36
23.73
23.00
22.36
21.64
21.00
20.27
19.64
18.91
18.18
17.55
16.82
16.09
15.36
14.73
14.00
13.27
12.55
11.91
11.18
10.45
9.73
9.00
8.27
7.64
6.91
6.18
5.45
4.73
4.00
3.27
2.64
1.91
1.18
0.45
-0.27
-1.00
-1.73
-2.36
-3.09
-3.82
-4.55
-5.27
-5.91
-6.64
-7.36
-8.09
-8.73
-9.45
-10.18
-10.91
-11.55
-12.27
-13.00
-13.64
-14.36
-15.09
-15.73
-16.45
-17.09
-17.82
-18.45
-19.18
-19.82
-20.45
-21.18
-21.82
-22.45
-23.18
-23.82
-24.45
-25.09
-25.73
-26.36
-27.09
-27.73
-28.36
-29.00
-29.64
-30.18
-30.82
-31.45
-32.09
-32.64
-33.27
-33.91
-34.45
-35.09
-35.64
-36.27
-36.82
-37.36
-38.00
-38.55
-39.09
-39.64
-40.18
-40.73
-41.27
-41.73
-42.27
-42.73
-43.27
-43.73
-44.18
-44.64
-45.09
-45.55
-46.00
-46.45
-46.82
-47.27
-47.64
-48.00
-48.45
-48.82
-49.18
-49.55
-50.00
-50.36
-50.82
-51.18
-51.64
-52.09
-52.55
-52.91
-53.36
-53.82
-54.27
-54.73
-55.18
-55.55
-56.00
-56.36
-56.73
-57.09
-57.45
-57.73
-58.09
-58.45
-58.73
-59.00
-59.36
-59.64
-59.91
-60.18
-60.45
-60.73
-61.00
-61.27
-61.55
-61.82
-62.09
-62.27
-62.55
-62.73
-63.00
-63.18
-63.45
-63.64
-63.82
-64.00
-64.18
-64.36
-64.55
-64.73
-64.91
-65.09
-65.18
-65.36
-65.55
-65.64
-65.82
-65.91
-66.00
-66.18
-66.27
-66.36
-66.55
-66.64
-66.73
-66.73
-66.82
-66.82
-66.82
-66.82
-66.82
-66.82
-66.91
-66.91
-66.91
-66.91
-66.82
-66.82
-66.82
-66.73
-66.73
-66.64
-66.64
-66.55
-66.45
-66.36
-66.36
-66.27
-66.18
-66.09
-66.00
-65.82
-65.73
-65.64
-65.55
-65.36
-65.27
-65.18
-65.00
-64.91
-64.73
-64.64
-64.45
-64.27
-64.18
-64.00
-63.82
-63.64
-63.45
-63.27
-63.00
-62.73
-62.55
-62.27
-62.00
-61.73
-61.36
-61.09
-60.82
-60.45
-60.18
-59.91
-59.64
-59.27
-59.00
-58.73
-58.45
-58.09
-57.82
-57.45
-57.09
-56.73
-56.36
-56.00
-55.55
-55.18
-54.82
-54.45
-54.09
-53.64
-53.27
-52.82
-52.45
-52.00
-51.64
-51.18
-50.73
-50.27
-49.82
-49.36
-48.91
-48.45
-48.00
-47.55
-47.09
-46.64
-46.09
-45.64
-45.09
-44.64
-44.09
-43.64
-43.09
-42.55
-42.09
-41.55
-41.00
-40.45
-39.91
-39.36
-38.82
-38.27
-37.73
-37.09
-36.55
-36.00
-35.45
-34.82
-34.27
-33.64
-33.09
-32.45
-31.91
-31.27
-30.64
-30.09
-29.45
-28.82
-28.27
-27.64
-27.00
-26.36
-25.73
-25.18
-24.55
-23.91
-23.27
-22.64
-22.00
-21.36
-20.73
-20.09
-19.45
-18.82
-18.18
-17.55
-16.91
-16.27
-15.64
-14.91
-14.27
-13.64
-13.00
-12.36
-11.64
-11.00
-10.36
-9.73
-9.00
-8.36
-7.73
-7.00
-6.36
-5.73
-5.00
-4.36
-3.73
-3.00
-2.36
-1.73
-1.00
-0.36
0.27
1.00
1.64
2.27
3.00
3.64
4.27
5.00
5.64
6.27
6.91
7.64
8.27
8.91
9.55
10.18
10.82
11.45
12.18
12.82
13.45
14.09
14.73
15.36
16.00
16.64
17.27
17.91
18.55
19.18
19.82
20.45
21.00
21.64
22.27
22.91
23.45
24.09
24.73
25.27
25.91
26.45
27.09
27.64
28.27
28.82
29.45
30.00
30.55
31.09
31.64
32.27
32.82
33.36
33.91
34.45
35.00
35.55
36.00
36.55
37.09
37.64
38.09
38.64
39.09
39.64
40.09
40.64
41.09
41.55
42.00
42.55
43.00
43.45
43.91
44.36
44.82
45.18
45.64
46.09
46.45
46.91
47.27
47.64
48.00
48.45
48.82
49.18
49.55
50.00
50.36
50.82
51.18
51.55
51.91
52.36
52.73
53.09
53.36
53.73
54.09
54.36
54.64
55.00
55.27
55.55
55.82
56.09
56.36
56.64
56.91
57.18
57.45
57.64
57.91
58.09
58.36
58.55
58.82
59.00
59.18
59.36
59.55
59.73
59.91
60.09
60.27
60.45
60.55
60.73
60.82
61.00
61.09
61.27
61.36
61.45
61.55
61.64
61.73
61.82
61.91
62.00
62.09
62.09
62.18
62.18
62.27
62.27
62.36
62.36
62.36
62.36
62.36
62.36
62.36
62.36
62.36
62.36
62.36
62.27
62.27
62.18
62.18
62.09
62.00
62.00
61.91
61.82
61.73
61.64
61.45
61.36
61.27
61.09
61.00
60.82
60.73
60.55
60.45
60.27
60.09
59.91
59.73
59.55
59.36
59.18
59.00
58.73
58.55
58.36
58.09
57.91
57.64
57.36
57.09
56.91
56.64
56.36
56.09
55.82
55.55
55.27
54.91
54.64
54.36
54.00
53.73
53.36
53.09
52.73
52.36
52.09
51.73
51.36
51.00
50.64
50.27
49.91
49.55
49.18
48.73
48.36
48.00
47.55
47.18
46.73
46.36
45.91
45.45
45.09
44.64
44.18
43.73
43.27
42.82
42.36
41.91
41.45
41.00
40.55
40.00
39.55
39.09
38.55
38.09
37.55
37.09
36.55
36.09
35.55
35.00
34.45
34.00
33.45
32.91
32.36
31.82
31.27
30.73
30.18
29.64
29.09
28.55
28.00
27.36
26.82
26.27
25.64
25.09
24.55
23.91
23.36
22.73
22.18
21.55
21.00
20.36
19.82
19.18
18.64
18.00
17.45
16.82
16.18
15.55
15.00
14.36
13.73
13.09
12.55
11.91
11.27
10.64
10.00
9.45
8.82
8.18
7.55
6.91
6.27
5.64
5.09
4.45
3.82
3.18
2.55
1.91
1.27
0.64
0.09
-0.55
-1.18
-1.82
-2.45
-3.09
-3.73
-4.27
-4.91
-5.55
-6.18
-6.82
-7.45
-8.00
-8.64
-9.27
-9.91
-10.45
-11.09
-11.73
-12.27
-12.91
-13.55
-14.09
-14.73
-15.27
-15.91
-16.45
-17.09
-17.64
-18.27
-18.82
-19.45
-20.00
-20.55
-21.18
-21.73
-22.27
-22.82
-23.45
-24.00
-24.55
-25.09
-25.64
-26.18
-26.73
-27.27
-27.82
-28.36
-28.82
-29.36
-29.91
-30.36
-30.91
-31.36
-31.91
-32.36
-32.82
-33.36
-33.82
-34.27
-34.73
-35.18
-35.64
-36.00
-36.45
-36.91
-37.27
-37.73
-38.09
-38.45
-38.82
-39.18
-39.64
-40.00
-40.27
-40.64
-41.00
-41.36
-41.73
-42.09
-42.45
-42.91
-43.27
-43.64
-44.09
-44.55
-44.91
-45.36
-45.73
-46.18
-46.55
-46.91
-47.27
-47.64
-48.00
-48.27
-48.64
-48.91
-49.27
-49.55
-49.82
-50.18
-50.45
-50.73
-51.00
-51.27
-51.55
-51.82
-52.00
-52.27
-52.55
-52.73
-53.00
-53.18
-53.36
-53.64
-53.82
-54.00
-54.18
-54.36
-54.55
-54.73
-54.91
-55.09
-55.18
-55.36
-55.55
-55.64
-55.73
-55.91
-56.00
-56.09
-56.27
-56.36
-56.45
-56.55
-56.64
-56.73
-56.82
-56.91
-57.00
-57.00
-57.09
-57.18
-57.18
-57.27
-57.27
-57.27
-57.27
-57.27
-57.27
-57.27
-57.27
-57.27
-57.18
-57.18
-57.18
-57.09
-57.09
-57.00
-57.00
-56.91
-56.82
-56.82
-56.73
-56.64
-56.64
-56.55
-56.45
-56.36
-56.27
-56.18
-56.09
-56.00
-55.91
-55.82
-55.73
-55.55
-55.45
-55.27
-55.09
-54.91
-54.64
-54.45
-54.18
-54.00
-53.82
-53.55
-53.36
-53.09
-52.91
-52.73
-52.45
-52.27
-52.00
-51.73
-51.45
-51.18
-50.91
-50.64
-50.36
-50.09
-49.82
-49.45
-49.18
-48.91
-48.55
-48.27
-47.91
-47.55
-47.27
-46.91
-46.55
-46.18
-45.91
-45.55
-45.18
-44.82
-44.45
-44.09
-43.64
-43.27
-42.91
-42.55
-42.09
-41.73
-41.27
-40.91
-40.45
-40.09
-39.64
-39.18
-38.82
-38.36
-37.91
-37.45
-37.00
-36.55
-36.09
-35.64
-35.18
-34.73
-34.27
-33.82
-33.36
-32.82
-32.36
-31.91
-31.36
-30.91
-30.36
-29.91
-29.36
-28.91
-28.36
-27.82
-27.36
-26.82
-26.27
-25.82
-25.27
-24.73
-24.18
-23.64
-23.09
-22.55
-22.09
-21.45
-21.00
-20.36
-19.82
-19.27
-18.73
-18.18
-17.64
-17.09
-16.55
-15.91
-15.36
-14.82
-14.27
-13.73
-13.09
-12.55
-12.00
-11.36
-10.82
-10.27
-9.64
-9.09
-8.55
-7.91
-7.36
-6.82
-6.18
-5.64
-5.00
-4.45
-3.82
-3.27
-2.73
-2.09
-1.55
-0.91
-0.36
0.18
0.82
1.36
2.00
2.55
3.09
3.73
4.27
4.82
5.45
6.00
6.64
7.18
7.73
8.27
8.91
9.45
10.00
10.55
11.18
11.73
12.27
12.82
13.45
14.00
14.55
15.09
15.64
16.18
16.73
17.27
17.82
18.36
18.91
19.45
20.00
20.45
21.00
21.55
22.09
22.64
23.09
23.64
24.18
24.64
25.18
25.64
26.18
26.64
27.18
27.64
28.09
28.64
29.09
29.55
30.00
30.55
31.00
31.45
31.91
32.36
32.82
33.27
33.73
34.18
34.55
35.00
35.45
35.82
36.27
36.73
37.09
37.45
37.91
38.27
38.64
39.09
39.45
39.82
40.18
40.55
40.91
41.27
41.55
41.91
42.27
42.55
42.91
43.18
43.45
43.82
44.09
44.45
44.73
45.09
45.36
45.73
46.00
46.36
46.64
46.91
47.27
47.55
47.82
48.09
48.27
48.55
48.82
49.00
49.27
49.45
49.64
49.91
50.09
50.27
50.45
50.64
50.82
51.00
51.18
51.36
51.45
51.64
51.82
51.91
52.09
52.18
52.36
52.45
52.55
52.64
52.82
52.91
53.00
53.09
53.09
53.18
53.27
53.36
53.36
53.45
53.55
53.55
53.55
53.64
53.64
53.64
53.64
53.64
53.64
53.64
53.64
53.64
53.64
53.64
53.55
53.55
53.45
53.45
53.36
53.36
53.27
53.18
53.09
53.09
53.00
52.91
52.82
52.73
52.64
52.55
52.45
52.27
52.18
52.00
51.91
51.82
51.64
51.45
51.27
51.18
51.00
50.82
50.64
50.45
50.18
50.00
49.82
49.64
49.36
49.18
48.91
48.73
48.45
48.27
48.00
47.73
47.55
47.27
47.00
46.73
46.45
46.18
45.91
45.55
45.27
45.00
44.73
44.36
44.09
43.73
43.45
43.09
42.82
42.45
42.09
41.82
41.45
41.09
40.73
40.36
40.00
39.64
39.27
38.91
38.45
38.09
37.73
37.27
36.91
36.55
36.09
35.73
35.27
34.91
34.45
34.00
33.64
33.18
32.73
32.36
31.91
31.45
31.00
30.55
30.09
29.64
29.18
28.73
28.18
27.73
27.27
26.82
26.36
25.82
25.36
24.91
24.36
23.91
23.36
22.91
22.36
21.91
21.36
20.91
20.36
19.91
19.36
18.82
18.36
17.82
17.27
16.73
16.27
15.73
15.18
14.64
14.18
13.64
13.09
12.55
12.00
11.45
10.91
10.36
9.91
9.36
8.82
8.27
7.73
7.18
6.64
6.09
5.55
5.00
4.45
3.91
3.36
2.82
2.27
1.73
1.18
0.64
0.09
-0.45
-1.00
-1.55
-2.09
-2.64
-3.18
-3.73
-4.27
-4.82
-5.36
-5.91
-6.45
-7.00
-7.55
-8.00
-8.55
-9.09
-9.64
-10.18
-10.73
-11.18
-11.73
-12.27
-12.82
-13.27
-13.82
-14.36
-14.82
-15.36
-15.91
-16.36
-16.91
-17.36
-17.91
-18.36
-18.91
-19.36
-19.91
-20.36
-20.82
-21.36
-21.82
-22.27
-22.73
-23.18
-23.73
-24.18
-24.64
-25.09
-25.55
-26.00
-26.36
-26.82
-27.27
-27.64
-28.09
-28.45
-28.91
-29.27
-29.73
-30.09
-30.45
-30.82
-31.18
-31.55
-31.91
-32.27
-32.64
-32.91
-33.27
-33.64
-33.91
-34.27
-34.55
-34.82
-35.18
-35.45
-35.73
-36.09
-36.36
-36.73
-37.09
-37.45
-37.82
-38.18
-38.55
-38.91
-39.18
-39.55
-39.91
-40.18
-40.55
-40.82
-41.09
-41.36
-41.64
-41.91
-42.18
-42.36
-42.64
-42.82
-43.09
-43.27
-43.45
-43.64
-43.82
-44.00
-44.27
-44.45
-44.64
-44.82
-45.09
-45.27
-45.45
-45.73
-45.91
-46.09
-46.27
-46.36
-46.55
-46.73
-46.82
-47.00
-47.09
-47.18
-47.36
-47.45
-47.55
-47.64
-47.73
-47.82
-47.91
-48.00
-48.09
-48.18
-48.18
-48.27
-48.36
-48.36
-48.45
-48.45
-48.55
-48.55
-48.64
-48.64
-48.64
-48.73
-48.73
-48.73
-48.73
-48.82
-48.82
-48.82
-48.82
-48.82
-48.82
-48.82
-48.73
-48.73
-48.73
-48.64
-48.64
-48.55
-48.55
-48.45
-48.45
-48.36
-48.36
-48.27
-48.18
-48.00
-47.91
-47.73
-47.64
-47.45
-47.27
-47.09
-46.91
-46.73
-46.55
-46.36
-46.18
-46.09
-45.91
-45.73
-45.55
-45.36
-45.09
-44.91
-44.64
-44.45
-44.18
-44.00
-43.73
-43.55
-43.27
-43.00
-42.82
-42.55
-42.27
-42.00
-41.73
-41.45
-41.18
-40.91
-40.64
-40.27
-40.00
-39.73
-39.45
-39.09
-38.82
-38.45
-38.18
-37.82
-37.45
-37.18
-36.82
-36.45
-36.18
-35.82
-35.45
-35.09
-34.73
-34.36
-34.00
-33.64
-33.27
-32.91
-32.45
-32.09
-31.73
-31.36
-30.91
-30.55
-30.09
-29.73
-29.36
-28.91
-28.45
-28.09
-27.64
-27.27
-26.82
-26.36
-25.91
-25.55
-25.09
-24.64
-24.18
-23.73
-23.27
-22.82
-22.36
-21.91
-21.45
-21.00
-20.55
-20.09
-19.64
-19.18
-18.73
-18.18
-17.73
-17.27
-16.82
-16.27
-15.82
-15.36
-14.91
-14.36
-13.91
-13.36
-12.91
-12.45
-11.91
-11.45
-10.91
-10.45
-9.91
-9.45
-9.00
-8.45
-7.91
-7.45
-6.91
-6.45
-5.91
-5.45
-4.91
-4.45
-3.91
-3.45
-2.91
-2.45
-1.91
-1.36
-0.91
-0.36
0.09
0.64
1.09
1.64
2.18
2.64
3.18
3.64
4.18
4.64
5.18
5.64
6.18
6.64
7.09
7.64
8.09
8.64
9.09
9.55
10.09
10.55
11.00
11.55
12.00
12.45
13.00
13.45
13.91
14.36
14.91
15.36
15.82
16.27
16.73
17.18
17.64
18.09
18.55
19.00
19.45
19.91
20.36
20.82
21.27
21.73
22.18
22.55
23.00
23.45
23.82
24.27
24.73
25.09
25.55
25.91
26.36
26.73
27.09
27.55
27.91
28.27
28.73
29.09
29.45
29.82
30.18
30.55
30.91
31.27
31.64
32.00
32.36
32.73
33.09
33.36
33.73
34.00
34.36
34.64
35.00
35.27
35.55
35.91
36.18
36.45
36.73
37.00
37.27
37.55
37.82
38.09
38.27
38.55
38.82
39.09
39.36
39.64
39.82
40.09
40.36
40.64
40.91
41.09
41.36
41.64
41.82
42.09
42.27
42.45
42.64
42.82
43.00
43.18
43.36
43.45
43.64
43.82
43.91
44.09
44.18
44.36
44.45
44.55
44.73
44.82
44.91
45.00
45.09
45.18
45.27
45.36
45.45
45.55
45.64
45.64
45.73
45.73
45.82
45.82
45.91
45.91
45.91
46.00
46.00
46.00
46.00
46.00
46.00
46.00
46.00
46.00
45.91
45.91
45.91
45.82
45.82
45.73
45.73
45.64
45.55
45.55
45.45
45.36
45.27
45.18
45.09
45.00
44.91
44.82
44.73
44.55
44.45
44.36
44.18
44.09
43.91
43.82
43.64
43.45
43.27
43.18
43.00
42.82
42.64
42.45
42.27
42.09
41.91
41.73
41.45
41.27
41.09
40.82
40.64
40.36
40.18
39.91
39.73
39.45
39.18
39.00
38.73
38.45
38.18
37.91
37.64
37.36
37.09
36.82
36.55
36.18
35.91
35.64
35.36
35.00
34.73
34.36
34.09
33.73
33.45
33.09
32.82
32.45
32.09
31.73
31.45
31.09
30.73
30.36
30.00
29.64
29.27
28.91
28.55
28.18
27.82
27.36
27.00
26.64
26.27
25.82
25.45
25.09
24.64
24.27
23.82
23.45
23.00
22.64
22.18
21.82
21.36
20.91
20.55
20.09
19.64
19.27
18.82
18.36
17.91
17.45
17.09
16.64
16.18
15.73
15.27
14.82
14.36
13.91
13.45
13.00
12.55
12.09
11.64
11.18
10.73
10.27
9.82
9.36
8.91
8.45
7.91
7.45
7.00
6.55
6.09
5.64
5.18
4.64
4.18
3.73
3.27
2.82
2.36
1.82
1.36
0.91
0.45
0.00
-0.45
-1.00
-1.45
-1.91
-2.36
-2.82
-3.27
-3.73
-4.27
-4.73
-5.18
-5.64
-6.09
-6.55
-7.00
-7.45
-7.91
-8.36
-8.82
-9.27
-9.73
-10.18
-10.64
-11.09
-11.55
-12.00
-12.45
-12.91
-13.27
-13.73
-14.18
-14.64
-15.00
-15.45
-15.91
-16.27
-16.73
-17.18
-17.55
-18.00
-18.36
-18.82
-19.18
-19.64
-20.00
-20.36
-20.73
-21.18
-21.55
-21.91
-22.27
-22.64
-23.00
-23.36
-23.73
-24.09
-24.36
-24.73
-25.09
-25.36
-25.73
-26.09
-26.36
-26.73
-27.00
-27.27
-27.64
-27.91
-28.18
-28.45
-28.73
-29.00
-29.27
-29.55
-29.82
-30.09
-30.36
-30.64
-30.91
-31.18
-31.45
-31.82
-32.09
-32.45
-32.73
-33.00
-33.27
-33.64
-33.82
-34.09
-34.36
-34.64
-34.91
-35.09
-35.36
-35.55
-35.73
-36.00
-36.18
-36.36
-36.55
-36.73
-36.91
-37.09
-37.18
-37.36
-37.55
-37.73
-37.91
-38.09
-38.27
-38.45
-38.64
-38.73
-38.91
-39.00
-39.18
-39.27
-39.36
-39.55
-39.64
-39.73
-39.82
-39.91
-40.00
-40.09
-40.18
-40.27
-40.36
-40.45
-40.55
-40.55
-40.64
-40.73
-40.73
-40.82
-40.82
-40.82
-40.91
-40.91
-40.91
-40.91
-41.00
-41.00
-41.00
-41.00
-41.00
-41.00
-41.00
-41.00
-40.91
-40.91
-40.91
-40.91
-40.91
-40.91
-40.91
-40.91
-40.91
-40.91
-40.91
-40.91
-40.91
-40.91
-40.91
-40.82
-40.82
-40.82
-40.73
-40.64
-40.55
-40.45
-40.27
-40.18
-40.00
-39.82
-39.64
-39.45
-39.27
-39.09
-38.91
-38.73
-38.55
-38.36
-38.27
-38.09
-37.91
-37.73
-37.55
-37.36
-37.09
-36.91
-36.73
-36.45
-36.27
-36.00
-35.82
-35.64
-35.36
-35.09
-34.91
-34.64
-34.36
-34.18
-33.91
-33.64
-33.36
-33.09
-32.82
-32.55
-32.27
-32.00
-31.73
-31.45
-31.09
-30.82
-30.55
-30.18
-29.91
-29.64
-29.27
-29.00
-28.73
-28.36
-28.00
-27.73
-27.36
-27.09
-26.73
-26.36
-26.00
-25.73
-25.36
-25.00
-24.64
-24.27
-23.91
-23.55
-23.18
-22.82
-22.45
-22.09
-21.73
-21.36
-21.00
-20.64
-20.27
-19.82
-19.45
-19.09
-18.73
-18.27
-17.91
-17.55
-17.09
-16.73
-16.27
-15.91
-15.55
-15.09
-14.73
-14.27
-13.91
-13.45
-13.00
-12.64
-12.18
-11.82
-11.36
-11.00
-10.55
-10.09
-9.73
-9.27
-8.82
-8.45
-8.00
-7.55
-7.18
-6.73
-6.27
-5.82
-5.45
-5.00
-4.55
-4.09
-3.73
-3.27
-2.82
-2.36
-2.00
-1.55
-1.09
-0.64
-0.27
0.18
0.64
1.09
1.45
1.91
2.36
2.73
3.18
3.64
4.00
4.45
4.91
5.36
5.73
6.18
6.55
7.00
7.45
7.82
8.27
8.73
9.09
9.55
9.91
10.36
10.73
11.18
11.55
12.00
12.36
12.82
13.18
13.55
14.00
14.36
14.73
15.18
15.55
15.91
16.36
16.73
17.09
17.45
17.91
18.27
18.64
19.00
19.36
19.73
20.09
20.45
20.82
21.18
21.55
21.82
22.18
22.55
22.91
23.27
23.55
23.91
24.27
24.55
24.91
25.18
25.55
25.82
26.18
26.45
26.73
27.09
27.36
27.64
28.00
28.27
28.55
28.82
29.09
29.36
29.64
29.91
30.18
30.45
30.64
30.91
31.18
31.45
31.64
31.91
32.09
32.36
32.64
32.82
33.00
33.27
33.45
33.64
33.91
34.09
34.27
34.45
34.64
34.82
35.00
35.18
35.36
35.55
35.64
35.82
36.00
36.09
36.27
36.36
36.55
36.64
36.73
36.91
37.00
37.09
37.27
37.36
37.55
37.64
37.82
37.91
38.00
38.09
38.18
38.27
38.36
38.45
38.45
38.55
38.64
38.64
38.73
38.73
38.73
38.82
38.82
38.82
38.82
38.91
38.91
38.91
38.91
38.91
38.91
38.91
38.82
38.82
38.82
38.73
38.73
38.73
38.64
38.64
38.55
38.45
38.45
38.36
38.27
38.27
38.18
38.09
38.00
37.91
37.82
37.73
37.64
37.55
37.36
37.27
37.18
37.09
36.91
36.82
36.64
36.55
36.36
36.27
36.09
35.91
35.73
35.64
35.45
35.27
35.09
34.91
34.73
34.55
34.36
34.18
34.00
33.82
33.55
33.36
33.18
32.91
32.73
32.45
32.27
32.09
31.82
31.55
31.36
31.09
30.82
30.64
30.36
30.09
29.82
29.55
29.27
29.09
28.82
28.45
28.18
27.91
27.64
27.36
27.09
26.82
26.45
26.18
25.91
25.64
25.27
25.00
24.64
24.36
24.00
23.73
23.36
23.09
22.73
22.45
22.09
21.73
21.45
21.09
20.73
20.36
20.00
19.73
19.36
19.00
18.64
18.27
17.91
17.55
17.18
16.82
16.45
16.09
15.73
15.36
15.00
14.64
14.27
13.91
13.45
13.09
12.73
12.36
12.00
11.64
11.18
10.82
10.45
10.00
9.64
9.27
8.91
8.45
8.09
7.73
7.27
6.91
6.55
6.09
5.73
5.36
4.91
4.55
4.09
3.73
3.36
2.91
2.55
2.18
1.73
1.36
0.91
0.55
0.18
-0.27
-0.64
-1.00
-1.45
-1.82
-2.18
-2.64
-3.00
-3.45
-3.82
-4.18
-4.64
-5.00
-5.36
-5.73
-6.18
-6.55
-6.91
-7.27
-7.73
-8.09
-8.45
-8.82
-9.18
-9.64
-10.00
-10.36
-10.73
-11.09
-11.45
-11.82
-12.18
-12.55
-12.91
-13.27
-13.64
-14.00
-14.36
-14.73
-15.09
-15.45
-15.82
-16.18
-16.45
-16.82
-17.18
-17.45
-17.82
-18.18
-18.45
-18.82
-19.09
-19.45
-19.73
-20.09
-20.36
-20.64
-21.00
-21.27
-21.55
-21.82
-22.09
-22.36
-22.64
-22.91
-23.18
-23.45
-23.73
-23.91
-24.18
-24.45
-24.64
-24.91
-25.09
-25.36
-25.55
-25.82
-26.00
-26.18
-26.45
-26.64
-26.82
-27.00
-27.18
-27.36
-27.55
-27.73
-27.91
-28.18
-28.36
-28.55
-28.82
-29.00
-29.27
-29.45
-29.73
-29.91
-30.09
-30.27
-30.45
-30.64
-30.82
-31.00
-31.18
-31.36
-31.45
-31.64
-31.73
-31.91
-32.00
-32.18
-32.27
-32.36
-32.55
-32.64
-32.73
-32.82
-32.91
-33.00
-33.09
-33.18
-33.27
-33.36
-33.36
-33.45
-33.45
-33.55
-33.64
-33.73
-33.73
-33.82
-33.91
-33.91
-34.00
-34.00
-34.09
-34.09
-34.09
-34.09
-34.18
-34.18
-34.18
-34.18
-34.18
-34.18
-34.18
-34.18
-34.18
-34.18
-34.18
-34.18
-34.18
-34.18
-34.18
-34.18
-34.18
-34.18
-34.18
-34.18
-34.18
-34.18
-34.18
-34.18
-34.18
-34.18
-34.18
-34.09
-34.09
-34.00
-33.91
-33.73
-33.64
-33.45
-33.27
-33.09
-33.00
-32.82
-32.64
-32.55
-32.45
-32.36
-32.18
-32.09
-31.91
-31.73
-31.55
-31.36
-31.18
-31.00
-30.91
-30.73
-30.55
-30.36
-30.18
-30.00
-29.73
-29.55
-29.36
-29.18
-28.91
-28.73
-28.55
-28.27
-28.09
-27.91
-27.64
-27.45
-27.18
-26.91
-26.73
-26.45
-26.18
-26.00
-25.73
-25.45
-25.18
-24.91
-24.73
-24.45
-24.18
-23.91
-23.64
-23.36
-23.09
-22.82
-22.45
-22.18
-21.91
-21.64
-21.36
-21.09
-20.73
-20.45
-20.18
-19.82
-19.55
-19.27
-18.91
-18.64
-18.27
-18.00
-17.64
-17.36
-17.00
-16.73
-16.36
-16.09
-15.73
-15.36
-15.09
-14.73
-14.36
-14.09
-13.73
-13.36
-13.09
-12.73
-12.36
-12.00
-11.64
-11.36
-11.00
-10.64
-10.27
-9.91
-9.55
-9.27
-8.91
-8.55
-8.18
-7.82
-7.45
-7.09
-6.73
-6.36
-6.00
-5.64
-5.27
-4.91
-4.64
-4.27
-3.91
-3.55
-3.18
-2.82
-2.45
-2.09
-1.73
-1.36
-1.00
-0.64
-0.27
0.09
0.45
0.82
1.18
1.55
1.91
2.27
2.64
3.00
3.36
3.73
4.09
4.45
4.82
5.18
5.55
5.91
6.18
6.55
6.91
7.27
7.64
8.00
8.36
8.64
9.00
9.36
9.73
10.00
10.36
10.73
11.09
11.36
11.73
12.09
12.36
12.73
13.09
13.36
13.73
14.00
14.36
14.64
15.00
15.27
15.64
15.91
16.18
16.55
16.82
17.09
17.45
17.73
18.00
18.27
18.64
18.91
19.18
19.45
19.73
20.00
20.27
20.55
20.82
21.09
21.36
21.64
21.91
22.18
22.45
22.64
22.91
23.18
23.36
23.64
23.91
24.09
24.36
24.55
24.82
